       1140.60   5.81683e-12
       1141.60   6.80005e-12
       1142.60   6.67750e-12
       1143.60   6.35291e-12
       1144.60   6.49052e-12
       1145.60   6.56618e-12
       1146.60   5.97703e-12
       1147.60   5.83378e-12
       1148.60   5.84106e-12
       1149.65   5.93039e-12
       1150.65   5.53181e-12
       1151.65   5.85398e-12
       1152.65   5.65267e-12
       1153.65   6.11605e-12
       1154.65   6.45320e-12
       1155.65   5.91759e-12
       1156.68   5.65597e-12
       1157.70   5.62462e-12
       1158.70   5.68176e-12
       1159.70   5.97119e-12
       1160.70   5.76001e-12
       1161.70   5.86475e-12
       1162.70   5.90533e-12
       1163.70   6.07261e-12
       1164.73   5.82957e-12
       1165.75   5.84345e-12
       1166.75   5.38921e-12
       1167.75   5.55961e-12
       1168.75   5.78469e-12
       1169.75   6.00740e-12
       1170.75   5.64907e-12
       1171.80   5.96290e-12
       1172.80   5.63210e-12
       1173.80   5.63275e-12
       1174.80   5.44651e-12
       1175.80   5.41838e-12
       1176.80   5.45850e-12
       1177.80   5.44404e-12
       1178.83   5.58278e-12
       1179.85   5.52116e-12
       1180.85   5.43266e-12
       1181.85   5.45872e-12
       1182.85   5.51917e-12
       1183.85   5.44323e-12
       1184.88   5.10901e-12
       1185.90   5.20355e-12
       1186.90   5.36320e-12
       1187.90   5.31159e-12
       1188.90   5.20526e-12
       1189.90   5.30824e-12
       1190.90   5.21957e-12
       1191.93   5.13573e-12
       1192.95   5.05723e-12
       1193.95   4.84706e-12
       1194.95   5.15978e-12
       1195.95   5.21209e-12
       1196.95   5.17194e-12
       1197.98   4.89904e-12
       1199.00   4.80125e-12
       1200.00   4.82281e-12
       1201.00   4.76259e-12
       1202.00   4.86857e-12
       1203.00   4.72871e-12
       1204.00   4.61757e-12
       1205.05   4.38623e-12
       1206.05   4.44737e-12
       1207.05   4.14876e-12
       1208.05   3.84598e-12
       1209.05   3.63937e-12
       1210.08   3.50606e-12
       1211.10   3.30121e-12
       1212.10   3.09210e-12
       1213.10   2.82381e-12
       1214.10   2.36675e-12
       1215.10   1.72446e-12
       1216.12   1.22109e-12
       1217.15   1.86945e-12
       1218.15   2.34673e-12
       1219.15   2.65426e-12
       1220.15   3.01196e-12
       1221.15   3.21528e-12
       1222.20   3.58399e-12
       1223.20   3.62378e-12
       1224.20   3.79687e-12
       1225.20   3.92814e-12
       1226.20   4.06071e-12
       1227.20   4.31321e-12
       1228.25   4.38567e-12
       1229.25   4.28282e-12
       1230.25   4.46949e-12
       1231.25   4.35789e-12
       1232.25   4.43813e-12
       1233.28   4.47850e-12
       1234.30   4.49067e-12
       1235.30   4.59531e-12
       1236.30   4.57274e-12
       1237.30   4.66993e-12
       1238.30   4.62578e-12
       1239.33   4.65981e-12
       1240.35   4.60941e-12
       1241.35   4.69011e-12
       1242.35   4.64190e-12
       1243.35   4.68225e-12
       1244.38   4.56786e-12
       1245.40   4.63996e-12
       1246.40   4.59365e-12
       1247.40   4.61349e-12
       1248.40   4.47840e-12
       1249.40   4.55935e-12
       1250.45   4.55305e-12
       1251.45   4.57443e-12
       1252.45   4.54819e-12
       1253.45   4.56768e-12
       1254.45   4.56045e-12
       1255.48   4.64087e-12
       1256.50   4.56438e-12
       1257.50   4.52253e-12
       1258.50   4.44742e-12
       1259.50   4.47603e-12
       1260.50   4.34306e-12
       1261.55   4.37079e-12
       1262.55   4.45259e-12
       1263.55   4.46120e-12
       1264.55   4.41579e-12
       1265.55   4.37373e-12
       1266.60   4.44518e-12
       1267.60   4.36439e-12
       1268.60   4.32543e-12
       1269.60   4.24091e-12
       1270.60   4.40098e-12
       1271.62   4.26350e-12
       1272.65   4.31583e-12
       1273.65   4.38635e-12
       1274.65   4.31430e-12
       1275.65   4.36764e-12
       1276.68   4.24970e-12
       1277.70   4.20351e-12
       1278.70   4.21051e-12
       1279.70   4.28015e-12
       1280.70   4.31893e-12
       1281.70   4.30289e-12
       1282.75   4.26481e-12
       1283.75   4.22809e-12
       1284.75   4.21487e-12
       1285.75   4.28309e-12
       1286.75   4.21426e-12
       1287.80   4.11909e-12
       1288.80   4.25234e-12
       1289.80   4.24063e-12
       1290.80   4.20671e-12
       1291.80   4.06323e-12
       1292.80   4.02258e-12
       1293.85   4.13433e-12
       1294.85   4.06557e-12
       1295.85   4.13931e-12
       1296.85   4.06602e-12
       1297.85   4.07879e-12
       1298.90   4.09753e-12
       1299.90   4.04734e-12
       1300.90   4.09151e-12
       1301.90   3.97226e-12
       1302.90   3.87132e-12
       1303.93   3.98221e-12
       1304.95   4.04215e-12
       1305.95   3.96370e-12
       1306.95   3.96924e-12
       1307.95   4.03268e-12
       1308.98   3.95627e-12
       1310.00   3.97654e-12
       1311.00   3.90731e-12
       1312.00   3.96387e-12
       1313.00   3.97002e-12
       1314.00   3.98727e-12
       1315.05   3.93146e-12
       1316.05   3.84233e-12
       1317.05   3.88862e-12
       1318.05   3.88074e-12
       1319.05   3.84641e-12
       1320.10   3.76658e-12
       1321.10   3.88913e-12
       1322.10   3.85513e-12
       1323.10   3.77826e-12
       1324.10   3.88328e-12
       1325.10   3.83823e-12
       1326.15   3.80743e-12
       1327.15   3.81324e-12
       1328.15   3.79720e-12
       1329.15   3.71452e-12
       1330.15   3.83327e-12
       1331.20   3.71968e-12
       1332.20   3.77272e-12
       1333.20   3.68060e-12
       1334.20   3.65977e-12
       1335.20   3.53858e-12
       1336.23   3.72789e-12
       1337.25   3.74469e-12
       1338.25   3.75761e-12
       1339.25   3.67279e-12
       1340.25   3.61627e-12
       1341.25   3.66478e-12
       1342.30   3.65624e-12
       1343.30   3.79710e-12
       1344.30   3.71394e-12
       1345.30   3.65544e-12
       1346.30   3.63337e-12
       1347.30   3.60058e-12
       1348.35   3.64942e-12
       1349.35   3.58640e-12
       1350.35   3.57716e-12
       1351.35   3.52160e-12
       1352.35   3.51367e-12
       1353.38   3.44275e-12
       1354.40   3.47876e-12
       1355.40   3.54387e-12
       1356.40   3.55462e-12
       1357.40   3.39550e-12
       1358.40   3.53377e-12
       1359.43   3.49586e-12
       1360.45   3.55132e-12
       1361.45   3.47856e-12
       1362.45   3.42724e-12
       1363.45   3.48642e-12
       1364.45   3.44942e-12
       1365.50   3.38591e-12
       1366.50   3.50888e-12
       1367.50   3.46093e-12
       1368.50   3.39442e-12
       1369.50   3.38339e-12
       1370.50   3.29139e-12
       1371.55   3.43401e-12
       1372.55   3.29333e-12
       1373.55   3.41311e-12
       1374.55   3.35098e-12
       1375.55   3.38021e-12
       1376.55   3.34836e-12
       1377.60   3.34737e-12
       1378.60   3.31771e-12
       1379.60   3.29355e-12
       1380.60   3.25351e-12
       1381.60   3.32602e-12
       1382.60   3.38304e-12
       1383.62   3.27048e-12
       1384.65   3.21513e-12
       1385.65   3.26086e-12
       1386.65   3.22505e-12
       1387.65   3.28459e-12
       1388.65   3.25291e-12
       1389.65   3.23301e-12
       1390.70   3.25076e-12
       1391.70   3.28207e-12
       1392.70   3.21873e-12
       1393.70   3.15942e-12
       1394.70   3.23878e-12
       1395.70   3.16947e-12
       1396.73   3.20712e-12
       1397.75   3.10827e-12
       1398.75   3.13441e-12
       1399.75   3.14917e-12
       1400.75   3.16637e-12
       1401.75   3.18717e-12
       1402.75   3.11827e-12
       1403.78   3.15609e-12
       1404.80   3.12335e-12
       1405.80   3.08963e-12
       1406.80   3.10018e-12
       1407.80   3.09087e-12
       1408.80   3.08485e-12
       1409.80   3.09840e-12
       1410.80   3.09082e-12
       1411.85   3.09588e-12
       1412.85   3.07978e-12
       1413.85   3.09746e-12
       1414.85   3.08402e-12
       1415.85   3.01105e-12
       1416.85   3.00672e-12
       1417.85   2.98098e-12
       1418.90   3.01229e-12
       1419.90   3.02677e-12
       1420.90   2.97721e-12
       1421.90   2.97763e-12
       1422.90   2.99730e-12
       1423.90   2.96519e-12
       1424.90   3.00816e-12
       1425.90   2.93749e-12
       1426.93   2.97713e-12
       1427.95   2.92706e-12
       1428.95   2.90863e-12
       1429.95   2.92800e-12
       1430.95   2.97167e-12
       1431.95   2.96255e-12
       1432.95   2.90964e-12
       1433.95   2.89211e-12
       1434.97   2.94842e-12
       1436.00   2.88531e-12
       1437.00   2.97340e-12
       1438.00   2.89762e-12
       1439.00   2.79396e-12
       1440.00   2.77855e-12
       1441.00   2.83889e-12
       1442.00   2.93276e-12
       1443.00   2.89833e-12
       1444.00   2.84896e-12
       1445.05   2.83267e-12
       1446.05   2.80575e-12
       1447.05   2.75588e-12
       1448.05   2.77223e-12
       1449.05   2.82174e-12
       1450.05   2.73604e-12
       1451.05   2.78693e-12
       1452.05   2.79313e-12
       1453.05   2.83287e-12
       1454.05   2.80414e-12
       1455.10   2.79474e-12
       1456.10   2.76638e-12
       1457.10   2.78215e-12
       1458.10   2.71805e-12
       1459.10   2.68327e-12
       1460.10   2.76578e-12
       1461.10   2.75810e-12
       1462.10   2.80910e-12
       1463.10   2.67597e-12
       1464.10   2.72631e-12
       1465.10   2.67061e-12
       1466.10   2.74500e-12
       1467.15   2.64230e-12
       1468.15   2.70032e-12
       1469.15   2.68816e-12
       1470.15   2.70340e-12
       1471.15   2.72387e-12
       1472.15   2.68002e-12
       1473.15   2.72279e-12
       1474.15   2.67192e-12
       1475.15   2.64320e-12
       1476.15   2.64940e-12
       1477.15   2.71715e-12
       1478.15   2.67005e-12
       1479.15   2.56647e-12
       1480.15   2.55123e-12
       1481.18   2.62376e-12
       1482.20   2.67272e-12
       1483.20   2.57644e-12
       1484.20   2.52675e-12
       1485.20   2.52909e-12
       1486.20   2.52149e-12
       1487.20   2.52728e-12
       1488.20   2.55093e-12
       1489.20   2.51748e-12
       1490.20   2.47044e-12
       1491.20   2.55085e-12
       1492.20   2.48927e-12
       1493.20   2.48635e-12
       1494.20   2.49942e-12
       1495.20   2.48570e-12
       1496.20   2.51363e-12
       1497.20   2.46558e-12
       1498.20   2.49303e-12
       1499.20   2.48749e-12
       1500.20   2.43956e-12
       1501.20   2.46600e-12
       1502.20   2.44356e-12
       1503.20   2.45570e-12
       1504.20   2.45391e-12
       1505.20   2.44575e-12
       1506.20   2.42863e-12
       1507.25   2.45475e-12
       1508.25   2.44709e-12
       1509.25   2.46512e-12
       1510.25   2.44366e-12
       1511.25   2.40936e-12
       1512.25   2.40475e-12
       1513.25   2.43717e-12
       1514.25   2.44258e-12
       1515.25   2.42039e-12
       1516.25   2.41475e-12
       1517.25   2.35839e-12
       1518.25   2.35909e-12
       1519.25   2.38949e-12
       1520.25   2.36781e-12
       1521.25   2.38448e-12
       1522.25   2.36557e-12
       1523.25   2.36713e-12
       1524.25   2.31389e-12
       1525.25   2.35970e-12
       1526.25   2.37587e-12
       1527.25   2.34638e-12
       1528.25   2.30882e-12
       1529.25   2.35318e-12
       1530.25   2.36501e-12
       1531.25   2.32509e-12
       1532.25   2.29256e-12
       1533.23   2.28150e-12
       1534.20   2.28714e-12
       1535.20   2.36285e-12
       1536.20   2.34892e-12
       1537.20   2.31353e-12
       1538.20   2.27329e-12
       1539.20   2.26321e-12
       1540.20   2.29938e-12
       1541.20   2.32099e-12
       1542.20   2.30064e-12
       1543.20   2.26583e-12
       1544.20   2.23823e-12
       1545.20   2.22526e-12
       1546.20   2.25662e-12
       1547.20   2.27568e-12
       1548.20   2.24093e-12
       1549.20   2.21159e-12
       1550.20   2.23365e-12
       1551.20   2.23201e-12
       1552.20   2.15265e-12
       1553.20   2.16283e-12
       1554.20   2.17683e-12
       1555.20   2.21695e-12
       1556.18   2.27009e-12
       1557.15   2.20345e-12
       1558.15   2.18915e-12
       1559.15   2.14880e-12
       1560.15   2.18826e-12
       1561.15   2.14396e-12
       1562.15   2.17650e-12
       1563.15   2.25236e-12
       1564.15   2.19368e-12
       1565.15   2.20028e-12
       1566.15   2.19836e-12
       1567.15   2.12125e-12
       1568.15   2.13623e-12
       1569.12   2.15288e-12
       1570.10   2.15880e-12
       1571.10   2.12583e-12
       1572.10   2.10243e-12
       1573.10   2.13754e-12
       1574.10   2.11656e-12
       1575.10   2.14225e-12
       1576.10   2.13754e-12
       1577.10   2.09055e-12
       1578.10   2.12175e-12
       1579.07   2.10568e-12
       1580.05   2.06511e-12
       1581.05   2.08758e-12
       1582.43   2.07539e-12
       1583.88   2.07176e-12
       1585.35   2.11203e-12
       1586.83   1.99850e-12
       1588.28   2.08931e-12
       1589.75   2.02084e-12
       1591.23   2.04894e-12
       1592.68   2.03161e-12
       1594.15   2.03330e-12
       1595.63   2.01973e-12
       1597.08   2.03464e-12
       1598.58   2.02265e-12
       1600.05   1.99590e-12
       1601.53   1.96485e-12
       1602.98   1.99668e-12
       1604.45   2.00152e-12
       1605.93   1.95221e-12
       1607.38   1.96571e-12
       1608.85   1.93458e-12
       1610.33   1.97062e-12
       1611.78   2.00091e-12
       1613.25   1.96049e-12
       1614.73   1.94578e-12
       1616.18   1.93886e-12
       1617.65   1.93087e-12
       1619.13   1.87494e-12
       1620.58   1.93722e-12
       1622.05   1.86965e-12
       1623.53   1.87658e-12
       1625.03   1.89456e-12
       1626.48   1.88010e-12
       1627.95   1.86283e-12
       1629.43   1.89136e-12
       1630.88   1.80926e-12
       1632.35   1.84013e-12
       1633.83   1.82590e-12
       1635.28   1.88763e-12
       1636.75   1.87542e-12
       1638.23   1.80608e-12
       1639.70   1.79392e-12
       1641.18   1.80213e-12
       1642.65   1.77843e-12
       1644.13   1.75053e-12
       1645.58   1.79755e-12
       1647.05   1.81062e-12
       1648.53   1.78488e-12
       1649.98   1.75173e-12
       1651.45   1.78186e-12
       1652.93   1.76967e-12
       1654.43   1.79553e-12
       1655.88   1.78891e-12
       1657.35   1.75642e-12
       1658.83   1.72129e-12
       1660.28   1.70499e-12
       1661.75   1.72028e-12
       1663.23   1.72846e-12
       1664.70   1.73436e-12
       1666.18   1.70741e-12
       1667.65   1.69789e-12
       1669.13   1.62845e-12
       1670.58   1.69933e-12
       1672.05   1.70577e-12
       1673.53   1.71980e-12
       1675.00   1.75390e-12
       1676.48   1.73499e-12
       1677.95   1.75944e-12
       1679.43   1.76654e-12
       1680.88   1.68671e-12
       1682.35   1.65233e-12
       1683.83   1.67636e-12
       1685.33   1.59216e-12
       1686.78   1.64415e-12
       1688.25   1.61198e-12
       1689.73   1.62307e-12
       1691.18   1.63432e-12
       1692.65   1.69527e-12
       1694.15   1.64885e-12
       1695.63   1.66789e-12
       1697.08   1.65263e-12
       1698.55   1.63261e-12
       1700.03   1.60813e-12
       1701.50   1.62344e-12
       1702.98   1.56484e-12
       1704.45   1.58433e-12
       1705.93   1.58078e-12
       1707.38   1.60871e-12
       1708.85   1.60768e-12
       1710.33   1.58025e-12
       1711.83   1.60770e-12
       1713.28   1.57730e-12
       1714.75   1.58327e-12
       1716.23   1.58713e-12
       1717.70   1.54842e-12
       1719.18   1.52532e-12
       1720.65   1.54169e-12
       1722.13   1.49092e-12
       1723.58   1.51845e-12
       1725.05   1.51223e-12
       1726.55   1.47777e-12
       1728.03   1.51747e-12
       1729.48   1.50583e-12
       1730.95   1.47790e-12
       1732.43   1.50601e-12
       1733.93   1.53736e-12
       1735.38   1.49127e-12
       1736.85   1.49905e-12
       1738.33   1.50477e-12
       1739.80   1.51243e-12
       1741.28   1.48017e-12
       1742.75   1.51485e-12
       1744.23   1.48619e-12
       1745.68   1.48810e-12
       1747.15   1.49578e-12
       1748.65   1.41569e-12
       1750.13   1.45171e-12
       1751.58   1.46999e-12
       1753.05   1.44055e-12
       1754.55   1.44158e-12
       1756.03   1.42277e-12
       1757.48   1.43922e-12
       1758.95   1.43486e-12
       1760.43   1.42232e-12
       1761.93   1.42987e-12
       1763.38   1.43163e-12
       1764.85   1.41305e-12
       1766.33   1.42277e-12
       1767.80   1.41063e-12
       1769.28   1.40474e-12
       1770.75   1.42108e-12
       1772.23   1.41841e-12
       1773.68   1.38877e-12
       1775.18   1.33291e-12
       1776.65   1.38298e-12
       1778.13   1.38567e-12
       1779.58   1.36751e-12
       1781.08   1.36152e-12
       1782.55   1.35998e-12
       1784.03   1.38807e-12
       1785.48   1.38139e-12
       1786.95   1.41602e-12
       1788.45   1.31473e-12
       1789.93   1.35250e-12
       1791.38   1.36341e-12
       1792.85   1.32097e-12
       1794.35   1.34767e-12
       1795.83   1.32959e-12
       1797.28   1.31868e-12
       1798.75   1.36641e-12
       1800.25   1.30705e-12
       1801.73   1.32828e-12
       1803.18   1.32218e-12
       1804.65   1.32208e-12
       1806.13   1.34938e-12
       1807.63   1.29775e-12
       1809.08   1.33319e-12
       1810.55   1.30329e-12
       1812.03   1.30163e-12
       1813.53   1.27035e-12
       1814.98   1.29957e-12
       1816.45   1.27133e-12
       1817.93   1.26501e-12
       1819.43   1.29863e-12
       1820.88   1.27184e-12
       1822.35   1.27418e-12
       1823.83   1.27851e-12
       1825.33   1.24909e-12
       1826.78   1.22943e-12
       1828.25   1.24640e-12
       1829.73   1.28241e-12
       1831.20   1.26005e-12
       1832.68   1.22220e-12
       1834.15   1.22698e-12
       1835.63   1.22854e-12
       1837.10   1.23454e-12
       1838.58   1.23572e-12
       1840.05   1.25587e-12
       1841.53   1.22076e-12
       1843.00   1.21089e-12
       1844.48   1.20019e-12
       1845.95   1.19459e-12
       1847.43   1.21973e-12
       1848.90   1.18976e-12
       1850.38   1.20938e-12
       1851.85   1.24600e-12
       1853.33   1.19437e-12
       1854.78   1.18878e-12
       1856.28   1.18694e-12
       1857.75   1.17170e-12
       1859.23   1.18402e-12
       1860.68   1.16299e-12
       1862.18   1.15118e-12
       1863.65   1.19895e-12
       1865.13   1.17304e-12
       1866.58   1.17472e-12
       1868.08   1.18251e-12
       1869.55   1.15798e-12
       1871.03   1.15898e-12
       1872.48   1.15329e-12
       1873.95   1.14944e-12
       1875.45   1.16060e-12
       1876.93   1.14299e-12
       1878.38   1.14065e-12
       1879.85   1.12347e-12
       1881.35   1.11496e-12
       1882.83   1.12166e-12
       1884.28   1.12189e-12
       1885.75   1.13045e-12
       1887.25   1.12561e-12
       1888.73   1.14065e-12
       1890.18   1.15619e-12
       1891.65   1.11849e-12
       1893.13   1.11446e-12
       1894.63   1.11320e-12
       1896.08   1.07096e-12
       1897.55   1.14009e-12
       1899.03   1.10622e-12
       1900.53   1.12204e-12
       1901.98   1.09728e-12
       1903.45   1.14543e-12
       1904.93   1.08413e-12
       1906.40   1.07791e-12
       1907.88   1.08154e-12
       1909.35   1.08547e-12
       1910.83   1.09101e-12
       1912.28   1.06802e-12
       1913.78   1.07708e-12
       1915.25   1.08988e-12
       1916.73   1.05880e-12
       1918.18   1.07069e-12
       1919.68   1.06197e-12
       1921.15   1.05547e-12
       1922.63   1.04794e-12
       1924.08   1.03228e-12
       1925.55   1.02507e-12
       1927.05   1.06064e-12
       1928.53   1.07109e-12
       1929.98   1.05351e-12
       1931.45   1.02099e-12
       1932.93   1.00621e-12
       1934.43   1.03109e-12
       1935.88   1.03875e-12
       1937.35   1.04769e-12
       1938.83   1.07162e-12
       1940.28   1.02734e-12
       1941.78   1.02035e-12
       1943.25   1.03102e-12
       1944.73   1.02334e-12
       1946.18   1.02933e-12
       1947.65   1.02933e-12
       1949.15   1.03627e-12
       1950.63   9.97682e-13
       1952.08   9.96538e-13
       1953.55   1.00009e-12
       1955.03   9.68419e-13
       1956.50   9.73247e-13
       1957.98   9.88985e-13
       1959.45   9.87850e-13
       1960.93   9.80193e-13
       1962.38   9.89132e-13
       1963.88   9.89318e-13
       1965.35   9.67188e-13
       1966.83   9.53596e-13
       1968.28   9.86736e-13
       1969.75   9.95737e-13
       1971.23   9.60557e-13
       1972.70   9.69658e-13
       1974.18   9.86102e-13
       1975.65   9.84195e-13
       1977.13   9.86938e-13
       1978.58   9.51903e-13
       1980.05   9.53747e-13
       1981.55   9.49234e-13
       1983.03   9.62085e-13
       1984.48   9.47393e-13
       1985.95   9.57056e-13
       1987.43   9.37057e-13
       1988.88   9.48901e-13
       1990.38   9.43831e-13
       1991.85   9.29662e-13
       1993.33   9.31619e-13
       1994.78   9.36586e-13
       1996.25   9.20110e-13
       1997.73   8.88616e-13
       1999.18   9.20923e-13
       2000.68   9.39228e-13
       2002.15   9.23391e-13
       2003.63   9.23170e-13
       2005.08   9.10791e-13
       2006.55   9.26683e-13
       2008.03   9.11141e-13
       2009.48   9.11905e-13
       2010.98   8.99816e-13
       2012.45   9.07150e-13
       2013.93   8.99571e-13
       2015.38   8.98818e-13
       2016.85   8.88540e-13
       2018.33   9.25293e-13
       2019.78   9.23739e-13
       2021.25   8.89815e-13
       2022.75   9.14974e-13
       2024.23   8.97879e-13
       2025.68   9.04681e-13
       2027.15   8.88732e-13
       2028.63   8.73238e-13
       2030.08   8.65081e-13
       2031.55   8.75341e-13
       2033.03   8.60464e-13
       2034.48   8.69750e-13
       2035.98   8.94880e-13
       2037.45   8.70153e-13
       2038.93   8.75326e-13
       2040.38   8.65426e-13
       2041.85   8.43855e-13
       2043.33   8.52682e-13
       2044.78   8.55211e-13
       2046.25   8.62086e-13
       2047.73   8.45824e-13
       2049.18   8.46112e-13
       2050.65   8.49388e-13
       2052.12   8.65051e-13
       2053.62   8.38778e-13
       2055.08   8.41243e-13
       2056.55   8.41951e-13
       2058.03   8.34300e-13
       2059.48   8.22579e-13
       2060.95   8.28953e-13
       2062.43   8.37231e-13
       2063.88   8.19227e-13
       2065.35   8.28364e-13
       2066.83   8.22342e-13
       2068.28   8.02854e-13
       2069.75   8.01678e-13
       2071.23   8.08306e-13
       2072.68   8.18982e-13
       2074.15   8.21496e-13
       2075.62   8.46084e-13
       2077.08   8.45416e-13
       2078.55   8.10568e-13
       2080.05   8.21720e-13
       2081.53   8.21675e-13
       2082.98   7.97935e-13
       2084.45   7.98633e-13
       2085.93   7.98552e-13
       2087.38   7.87212e-13
       2088.85   7.95246e-13
       2090.33   8.06277e-13
       2091.78   7.90382e-13
       2093.25   7.98779e-13
       2094.73   7.93029e-13
       2096.18   7.94951e-13
       2097.65   8.04745e-13
       2099.12   7.95916e-13
       2100.58   7.93057e-13
       2102.05   7.55992e-13
       2103.53   7.59302e-13
       2104.98   7.68174e-13
       2106.45   7.83787e-13
       2107.93   7.87748e-13
       2109.38   7.70809e-13
       2110.85   7.74153e-13
       2112.33   7.71970e-13
       2113.75   7.48314e-13
       2115.23   7.58244e-13
       2116.68   7.62412e-13
       2118.15   7.52791e-13
       2119.62   7.43173e-13
       2121.08   7.47233e-13
       2122.55   7.38355e-13
       2124.03   7.58604e-13
       2125.48   7.48155e-13
       2126.95   7.27702e-13
       2128.43   7.27010e-13
       2129.88   7.37625e-13
       2131.35   7.27929e-13
       2132.83   7.34976e-13
       2134.28   7.37351e-13
       2135.75   7.43108e-13
       2137.23   7.49379e-13
       2138.68   7.47258e-13
       2140.12   7.43561e-13
       2141.58   7.49389e-13
       2143.05   7.18195e-13
       2144.53   7.31253e-13
       2145.98   7.45541e-13
       2147.45   7.34406e-13
       2148.93   7.33895e-13
       2150.38   7.46017e-13
       2151.85   7.32616e-13
       2153.30   7.10355e-13
       2154.75   7.19578e-13
       2156.23   7.07595e-13
       2157.68   7.16042e-13
       2159.15   7.27289e-13
       2160.62   7.25463e-13
       2162.08   6.89358e-13
       2163.55   6.92658e-13
       2165.00   7.00707e-13
       2166.45   7.03552e-13
       2167.93   6.94294e-13
       2169.38   6.84906e-13
       2170.85   6.93191e-13
       2172.33   6.92169e-13
       2173.78   6.90189e-13
       2175.23   6.82634e-13
       2176.68   6.72829e-13
       2178.15   6.76766e-13
       2179.62   6.95997e-13
       2181.08   7.11078e-13
       2182.55   6.71021e-13
       2183.98   6.76572e-13
       2185.45   6.80868e-13
       2186.93   6.78279e-13
       2188.38   7.01314e-13
       2189.85   6.71190e-13
       2191.28   6.49440e-13
       2192.75   6.61310e-13
       2194.23   6.65040e-13
       2195.68   6.60056e-13
       2197.15   6.64186e-13
       2198.58   6.62856e-13
       2200.05   6.67881e-13
       2201.53   6.70437e-13
       2202.98   6.70679e-13
       2204.43   6.58643e-13
       2205.88   6.56029e-13
       2207.35   6.52150e-13
       2208.83   6.56024e-13
       2210.25   6.41794e-13
       2211.73   6.43026e-13
       2213.18   6.42514e-13
       2214.65   6.40751e-13
       2216.08   6.51382e-13
       2217.55   6.33647e-13
       2219.03   6.45829e-13
       2220.45   6.26703e-13
       2221.93   6.36012e-13
       2223.38   6.33763e-13
       2224.85   6.43343e-13
       2226.28   6.38288e-13
       2227.75   6.16211e-13
       2229.23   6.33418e-13
       2230.65   6.41930e-13
       2232.12   6.39142e-13
       2233.58   6.45277e-13
       2235.03   6.32748e-13
       2236.48   6.26210e-13
       2237.95   6.19072e-13
       2239.40   6.18858e-13
       2240.85   6.23422e-13
       2242.33   6.29675e-13
       2243.75   6.29169e-13
       2245.23   6.23656e-13
       2246.68   6.07336e-13
       2248.12   6.05389e-13
       2249.58   6.20757e-13
       2251.05   6.25973e-13
       2252.48   6.08071e-13
       2253.95   6.11167e-13
       2255.40   6.25074e-13
       2256.85   6.11842e-13
       2258.33   6.04417e-13
       2259.75   5.98965e-13
       2261.23   5.94527e-13
       2262.65   6.00196e-13
       2264.12   6.00171e-13
       2265.58   5.92129e-13
       2267.03   6.03881e-13
       2268.48   6.03160e-13
       2269.93   6.01123e-13
       2271.38   5.93789e-13
       2272.85   5.94729e-13
       2274.28   5.88709e-13
       2275.75   5.82705e-13
       2277.18   5.80338e-13
       2278.65   5.90092e-13
       2280.08   5.90737e-13
       2281.55   5.84894e-13
       2283.00   5.82174e-13
       2284.45   5.84101e-13
       2285.90   5.77522e-13
       2287.35   5.72102e-13
       2288.80   5.76837e-13
       2290.25   5.76233e-13
       2291.70   5.74344e-13
       2293.15   5.78182e-13
       2294.60   5.62318e-13
       2296.05   5.77799e-13
       2297.95   5.69090e-13
       2300.05   5.72946e-13
       2302.15   5.72780e-13
       2304.25   5.74054e-13
       2306.35   5.64431e-13
       2308.45   5.64711e-13
       2310.55   5.64610e-13
       2312.65   5.54622e-13
       2314.75   5.55370e-13
       2316.85   5.47122e-13
       2318.95   5.51735e-13
       2321.05   5.45978e-13
       2323.15   5.48577e-13
       2325.25   5.50741e-13
       2327.35   5.42948e-13
       2329.45   5.42578e-13
       2331.55   5.39042e-13
       2333.65   5.42158e-13
       2335.75   5.40511e-13
       2337.85   5.30532e-13
       2339.95   5.39337e-13
       2342.05   5.33988e-13
       2344.15   5.35849e-13
       2346.25   5.28548e-13
       2348.35   5.25916e-13
       2350.45   5.26986e-13
       2352.55   5.22095e-13
       2354.65   5.20088e-13
       2356.75   5.16177e-13
       2358.85   5.15245e-13
       2360.95   5.16043e-13
       2363.05   5.11639e-13
       2365.15   5.13510e-13
       2367.28   5.12477e-13
       2369.38   5.12326e-13
       2371.48   5.04300e-13
       2373.58   5.16794e-13
       2375.68   5.11961e-13
       2377.78   5.11283e-13
       2379.88   5.06796e-13
       2381.98   5.03192e-13
       2384.08   5.04149e-13
       2386.18   4.96168e-13
       2388.28   5.06110e-13
       2390.38   4.97271e-13
       2392.48   4.97757e-13
       2394.58   4.84593e-13
       2396.68   4.96679e-13
       2398.78   4.96122e-13
       2400.90   4.88504e-13
       2403.00   4.85633e-13
       2405.10   4.84764e-13
       2407.20   4.85509e-13
       2409.30   4.74939e-13
       2411.40   4.83658e-13
       2413.50   4.93276e-13
       2415.60   4.80490e-13
       2417.70   4.83565e-13
       2419.80   4.69668e-13
       2421.90   4.72924e-13
       2424.00   4.61798e-13
       2426.12   4.62415e-13
       2428.23   4.65679e-13
       2430.33   4.62314e-13
       2432.43   4.65573e-13
       2434.53   4.70373e-13
       2436.62   4.67424e-13
       2438.73   4.62777e-13
       2440.83   4.57143e-13
       2442.93   4.57660e-13
       2445.03   4.64611e-13
       2447.12   4.52867e-13
       2449.25   4.56287e-13
       2451.35   4.51625e-13
       2453.45   4.54227e-13
       2455.55   4.47467e-13
       2457.65   4.52965e-13
       2459.75   4.47644e-13
       2461.85   4.50628e-13
       2463.95   4.48946e-13
       2466.05   4.41947e-13
       2468.18   4.39371e-13
       2470.28   4.51437e-13
       2472.38   4.45654e-13
       2474.48   4.35449e-13
       2476.58   4.40310e-13
       2478.68   4.42451e-13
       2480.78   4.40602e-13
       2482.88   4.27045e-13
       2484.98   4.26179e-13
       2487.10   4.26725e-13
       2489.20   4.27654e-13
       2491.30   4.32963e-13
       2493.40   4.23844e-13
       2495.50   4.23146e-13
       2497.60   4.27370e-13
       2499.70   4.21701e-13
       2501.80   4.23945e-13
       2503.90   4.24330e-13
       2506.03   4.21716e-13
       2508.12   4.19167e-13
       2510.23   4.16714e-13
       2512.33   4.17618e-13
       2514.43   4.14606e-13
       2516.53   4.21341e-13
       2518.62   4.15850e-13
       2520.73   4.13677e-13
       2522.83   4.01893e-13
       2524.95   4.04076e-13
       2527.05   4.02860e-13
       2529.15   4.06152e-13
       2531.25   4.08927e-13
       2533.35   4.08567e-13
       2535.45   4.02253e-13
       2537.55   4.03427e-13
       2539.65   3.99594e-13
       2541.78   4.02251e-13
       2543.88   4.01069e-13
       2545.98   3.94053e-13
       2548.08   3.98846e-13
       2550.18   3.95486e-13
       2552.28   3.93592e-13
       2554.38   3.91393e-13
       2556.48   3.94713e-13
       2558.58   3.90676e-13
       2560.70   3.91028e-13
       2562.80   3.88804e-13
       2564.90   3.81612e-13
       2567.00   3.86210e-13
       2569.10   3.80622e-13
       2571.20   3.77788e-13
       2573.30   3.79287e-13
       2575.40   3.76003e-13
       2577.50   3.80879e-13
       2579.62   3.80546e-13
       2581.73   3.77121e-13
       2583.83   3.75141e-13
       2585.93   3.77108e-13
       2588.03   3.75179e-13
       2590.12   3.74814e-13
       2592.23   3.75771e-13
       2594.33   3.69664e-13
       2596.43   3.68828e-13
       2598.53   3.72089e-13
       2601.38   3.67181e-13
       2603.45   3.69115e-13
       2605.48   3.66541e-13
       2607.55   3.63609e-13
       2609.55   3.57512e-13
       2611.65   3.60700e-13
       2613.65   3.58870e-13
       2615.73   3.60751e-13
       2617.75   3.57981e-13
       2619.80   3.57706e-13
       2621.85   3.55225e-13
       2623.88   3.54480e-13
       2625.95   3.55397e-13
       2627.95   3.50123e-13
       2630.05   3.52042e-13
       2632.05   3.50654e-13
       2634.12   3.52709e-13
       2636.15   3.54820e-13
       2638.20   3.54820e-13
       2640.25   3.46003e-13
       2642.28   3.49851e-13
       2644.35   3.43436e-13
       2646.35   3.45104e-13
       2648.45   3.43194e-13
       2650.45   3.44431e-13
       2652.53   3.45590e-13
       2654.55   3.38271e-13
       2656.60   3.44212e-13
       2658.65   3.41034e-13
       2660.65   3.35128e-13
       2662.75   3.38822e-13
       2664.75   3.38601e-13
       2666.83   3.35072e-13
       2668.85   3.35264e-13
       2670.90   3.29746e-13
       2672.95   3.32609e-13
       2674.98   3.29849e-13
       2677.05   3.27247e-13
       2679.05   3.26912e-13
       2681.15   3.29376e-13
       2683.15   3.25565e-13
       2685.23   3.25416e-13
       2687.25   3.26023e-13
       2689.28   3.23873e-13
       2691.35   3.30048e-13
       2693.35   3.23379e-13
       2695.45   3.25976e-13
       2697.45   3.18360e-13
       2699.53   3.13255e-13
       2701.55   3.11925e-13
       2703.60   3.17738e-13
       2705.65   3.15370e-13
       2707.65   3.19216e-13
       2709.75   3.13829e-13
       2711.75   3.23757e-13
       2713.83   3.17335e-13
       2715.85   3.16274e-13
       2717.90   3.11804e-13
       2719.95   3.13091e-13
       2721.98   3.07341e-13
       2724.05   3.08714e-13
       2726.05   3.12925e-13
       2728.12   3.08477e-13
       2730.15   3.09852e-13
       2732.20   3.08276e-13
       2734.25   3.08719e-13
       2736.28   3.06160e-13
       2738.35   3.07170e-13
       2740.35   3.06425e-13
       2742.43   2.99871e-13
       2744.45   3.03229e-13
       2746.50   3.03287e-13
       2748.55   2.99199e-13
       2750.55   3.01118e-13
       2752.65   2.97333e-13
       2754.65   3.00695e-13
       2756.73   2.98922e-13
       2758.75   2.95308e-13
       2760.80   2.97451e-13
       2762.85   2.91694e-13
       2764.85   2.90644e-13
       2766.95   2.95235e-13
       2768.95   2.92676e-13
       2771.02   2.92162e-13
       2773.05   2.91477e-13
       2775.08   2.92220e-13
       2777.15   2.88105e-13
       2779.15   2.90976e-13
       2781.25   2.85932e-13
       2783.25   2.93487e-13
       2785.30   2.93323e-13
       2787.35   2.89339e-13
       2789.38   2.84443e-13
       2791.45   2.88412e-13
       2793.45   2.85088e-13
       2795.52   2.84176e-13
       2797.55   2.79426e-13
       2799.60   2.78205e-13
       2801.65   2.76130e-13
       2803.65   2.77276e-13
       2805.75   2.77029e-13
       2807.75   2.76351e-13
       2809.83   2.81169e-13
       2811.85   2.77729e-13
       2813.88   2.79598e-13
       2815.95   2.74115e-13
       2817.95   2.75626e-13
       2820.05   2.79026e-13
       2822.05   2.74208e-13
       2824.10   2.76034e-13
       2826.15   2.70627e-13
       2828.18   2.71030e-13
       2830.25   2.70438e-13
       2832.25   2.71549e-13
       2834.33   2.71705e-13
       2836.35   2.68446e-13
       2838.38   2.72075e-13
       2840.45   2.68743e-13
       2842.45   2.63255e-13
       2844.55   2.67121e-13
       2846.55   2.65217e-13
       2848.60   2.62789e-13
       2850.65   2.64469e-13
       2852.68   2.64056e-13
       2854.75   2.64847e-13
       2856.75   2.63419e-13
       2858.83   2.62139e-13
       2860.85   2.60031e-13
       2862.88   2.57024e-13
       2864.95   2.56503e-13
       2866.95   2.57027e-13
       2869.05   2.55309e-13
       2871.05   2.61374e-13
       2873.10   2.64167e-13
       2875.15   2.61729e-13
       2877.15   2.57795e-13
       2879.25   2.54466e-13
       2881.25   2.50708e-13
       2883.33   2.51521e-13
       2885.35   2.51705e-13
       2887.38   2.51753e-13
       2889.45   2.51348e-13
       2891.45   2.52864e-13
       2893.55   2.52111e-13
       2895.55   2.48854e-13
       2897.60   2.47930e-13
       2899.65   2.49406e-13
       2901.65   2.45031e-13
       2903.75   2.50172e-13
       2905.75   2.50099e-13
       2907.83   2.46711e-13
       2909.85   2.43800e-13
       2911.88   2.45072e-13
       2913.95   2.42931e-13
       2915.95   2.42767e-13
       2918.02   2.38745e-13
       2920.05   2.42422e-13
       2922.10   2.40846e-13
       2924.15   2.42072e-13
       2926.15   2.42153e-13
       2928.25   2.42279e-13
       2930.25   2.36773e-13
       2932.30   2.35184e-13
       2934.35   2.40878e-13
       2936.38   2.38511e-13
       2938.45   2.35383e-13
       2940.45   2.32736e-13
       2942.52   2.39186e-13
       2944.55   2.36592e-13
       2946.58   2.36013e-13
       2948.65   2.29041e-13
       2950.65   2.30072e-13
       2952.75   2.34839e-13
       2954.75   2.36249e-13
       2956.80   2.31505e-13
       2958.85   2.30225e-13
       2960.85   2.29679e-13
       2962.95   2.30817e-13
       2964.95   2.28853e-13
       2967.02   2.26296e-13
       2969.05   2.30019e-13
       2971.08   2.27304e-13
       2973.15   2.28162e-13
       2975.15   2.26843e-13
       2977.23   2.26891e-13
       2979.25   2.28057e-13
       2981.30   2.24546e-13
       2983.35   2.21529e-13
       2985.35   2.27052e-13
       2987.45   2.23511e-13
       2989.45   2.20655e-13
       2991.50   2.22247e-13
       2993.55   2.24153e-13
       2995.58   2.18675e-13
       2997.65   2.19602e-13
       2999.65   2.17487e-13
       3001.73   2.23085e-13
       3003.75   2.18169e-13
       3005.78   2.16275e-13
       3007.85   2.12369e-13
       3009.85   2.15026e-13
       3011.95   2.14767e-13
       3013.95   2.17764e-13
       3016.00   2.16608e-13
       3018.05   2.12389e-13
       3020.08   2.14759e-13
       3022.15   2.12354e-13
       3024.15   2.11155e-13
       3026.23   2.14298e-13
       3028.25   2.09528e-13
       3030.28   2.09271e-13
       3032.35   2.12087e-13
       3034.35   2.09553e-13
       3036.45   2.08241e-13
       3038.45   2.11140e-13
       3040.50   2.11928e-13
       3042.55   2.10269e-13
       3044.55   2.07551e-13
       3046.65   2.07471e-13
       3048.65   2.06196e-13
       3050.73   2.08415e-13
       3052.75   2.07176e-13
       3054.78   2.04433e-13
       3056.85   2.05219e-13
       3058.85   2.03345e-13
       3060.95   2.05035e-13
       3062.95   2.07050e-13
       3065.00   2.07196e-13
       3067.05   2.04990e-13
       3069.08   2.01197e-13
       3071.15   1.97671e-13
       3073.15   1.94835e-13
       3075.23   1.98661e-13
       3077.25   1.94294e-13
       3079.30   2.00245e-13
       3081.35   2.01419e-13
       3083.35   1.99636e-13
       3085.45   1.96344e-13
       3087.45   1.97251e-13
       3089.52   1.96263e-13
       3091.55   1.96785e-13
       3093.58   1.97956e-13
       3095.65   1.96120e-13
       3097.65   1.92068e-13
       3099.75   1.94843e-13
       3101.75   1.97104e-13
       3103.80   1.91503e-13
       3105.85   1.92254e-13
       3107.88   1.94659e-13
       3109.95   1.91710e-13
       3111.95   1.94604e-13
       3114.02   1.95949e-13
       3116.05   1.94216e-13
       3118.10   1.91715e-13
       3120.15   1.91942e-13
       3122.15   1.92697e-13
       3124.25   1.92528e-13
       3126.25   1.89008e-13
       3128.33   1.88222e-13
       3130.35   1.86882e-13
       3132.38   1.87773e-13
       3134.45   1.85474e-13
       3136.45   1.88945e-13
       3138.55   1.85315e-13
       3140.55   1.82540e-13
       3142.63   1.83789e-13
       3144.65   1.86240e-13
       3146.68   1.83724e-13
       3148.75   1.81815e-13
       3150.75   1.85764e-13
       3152.85   1.81691e-13
       3154.85   1.82671e-13
       3156.90   1.80017e-13
       3158.95   1.79626e-13
       3160.97   1.80906e-13
       3163.05   1.81155e-13
       3165.05   1.83578e-13
       3167.15   1.81581e-13
       3169.15   1.79704e-13
       3171.23   1.78903e-13
       3173.25   1.76138e-13
       3175.28   1.72433e-13
       3177.35   1.76571e-13
       3179.35   1.79770e-13
       3181.45   1.78500e-13
       3183.45   1.77591e-13
       3185.52   1.74572e-13
       3187.55   1.76118e-13
       3189.58   1.73796e-13
       3191.65   1.84215e-13
       3193.65   1.75584e-13
       3195.75   1.71653e-13
       3197.75   1.72620e-13
       3199.83   1.73761e-13
       3201.85   1.73078e-13
       3203.90   1.72038e-13
       3205.95   1.72280e-13
       3207.97   1.70225e-13
       3210.05   1.73751e-13
       3212.05   1.70595e-13
       3214.13   1.71557e-13
       3216.15   1.71509e-13
       3218.20   1.68691e-13
       3220.25   1.67429e-13
       3222.28   1.69472e-13
       3224.35   1.69308e-13
       3226.35   1.68235e-13
       3228.45   1.67449e-13
       3230.45   1.66565e-13
       3232.52   1.67338e-13
       3234.55   1.69059e-13
       3236.60   1.67129e-13
       3238.65   1.65288e-13
       3240.68   1.63893e-13
       3242.75   1.66125e-13
       3244.75   1.64948e-13
       3246.83   1.63070e-13
       3249.35   1.65006e-13
       3252.40   1.63455e-13
       3255.40   1.62702e-13
       3258.40   1.61639e-13
       3261.45   1.62150e-13
       3264.45   1.60035e-13
       3267.45   1.61402e-13
       3270.45   1.60078e-13
       3273.50   1.61312e-13
       3276.50   1.60458e-13
       3279.50   1.57952e-13
       3282.55   1.58106e-13
       3285.55   1.58632e-13
       3288.55   1.54665e-13
       3291.55   1.55617e-13
       3294.60   1.54746e-13
       3297.60   1.54922e-13
       3300.60   1.54378e-13
       3303.62   1.54245e-13
       3306.65   1.54147e-13
       3309.65   1.52978e-13
       3312.65   1.51029e-13
       3315.68   1.49100e-13
       3318.70   1.52034e-13
       3321.70   1.49724e-13
       3324.70   1.52721e-13
       3327.73   1.48528e-13
       3330.75   1.48478e-13
       3333.75   1.48845e-13
       3336.75   1.47798e-13
       3339.75   1.48442e-13
       3342.80   1.47236e-13
       3345.80   1.48115e-13
       3348.80   1.47503e-13
       3351.80   1.45345e-13
       3354.85   1.46108e-13
       3357.85   1.45554e-13
       3360.85   1.43680e-13
       3363.85   1.44289e-13
       3366.85   1.43934e-13
       3369.90   1.43854e-13
       3372.90   1.43126e-13
       3375.90   1.42766e-13
       3378.90   1.41013e-13
       3381.93   1.41693e-13
       3384.95   1.41464e-13
       3387.95   1.40950e-13
       3390.95   1.40310e-13
       3393.95   1.39565e-13
       3396.95   1.41270e-13
       3400.00   1.40116e-13
       3403.00   1.37875e-13
       3406.00   1.37837e-13
       3409.00   1.38013e-13
       3412.00   1.36301e-13
       3415.03   1.35004e-13
       3418.05   1.36824e-13
       3421.05   1.36346e-13
       3424.05   1.32478e-13
       3427.05   1.35787e-13
       3430.05   1.34956e-13
       3433.08   1.32122e-13
       3436.10   1.32294e-13
       3439.10   1.31745e-13
       3442.10   1.31463e-13
       3445.10   1.31055e-13
       3448.10   1.31619e-13
       3451.12   1.31465e-13
       3454.15   1.29899e-13
       3457.15   1.30881e-13
       3460.15   1.29748e-13
       3463.15   1.29775e-13
       3466.15   1.27896e-13
       3469.15   1.29080e-13
       3472.15   1.27821e-13
       3475.20   1.27058e-13
       3478.20   1.28637e-13
       3481.20   1.27045e-13
       3484.20   1.25912e-13
       3487.20   1.26252e-13
       3490.20   1.25451e-13
       3493.20   1.27554e-13
       3496.23   1.24925e-13
       3499.25   1.23892e-13
       3502.25   1.22910e-13
       3505.25   1.24104e-13
       3508.25   1.23215e-13
       3511.25   1.23786e-13
       3514.25   1.23071e-13
       3517.25   1.23421e-13
       3520.25   1.21620e-13
       3523.25   1.21444e-13
       3526.30   1.21983e-13
       3529.30   1.21260e-13
       3532.30   1.20124e-13
       3535.30   1.19291e-13
       3538.30   1.19641e-13
       3541.30   1.19099e-13
       3544.30   1.19563e-13
       3547.30   1.18873e-13
       3550.30   1.18719e-13
       3553.30   1.17966e-13
       3556.32   1.18175e-13
       3559.35   1.17739e-13
       3562.35   1.17132e-13
       3565.35   1.16067e-13
       3568.35   1.15118e-13
       3571.35   1.16876e-13
       3574.35   1.16677e-13
       3577.35   1.15223e-13
       3580.35   1.15301e-13
       3583.35   1.14072e-13
       3586.35   1.14143e-13
       3589.35   1.13168e-13
       3592.35   1.14745e-13
       3595.35   1.13934e-13
       3598.35   1.11403e-13
       3601.38   1.12793e-13
       3604.40   1.12320e-13
       3607.40   1.10798e-13
       3610.40   1.10874e-13
       3613.40   1.12592e-13
       3616.40   1.08486e-13
       3619.40   1.11070e-13
       3622.40   1.09413e-13
       3625.40   1.10408e-13
       3628.40   1.09665e-13
       3631.40   1.09058e-13
       3634.40   1.08698e-13
       3637.40   1.06922e-13
       3640.40   1.09302e-13
       3643.40   1.07512e-13
       3646.40   1.07514e-13
       3649.40   1.07026e-13
       3652.40   1.06527e-13
       3655.40   1.06389e-13
       3658.40   1.06751e-13
       3661.40   1.05522e-13
       3664.40   1.06152e-13
       3667.40   1.05444e-13
       3670.40   1.05580e-13
       3673.40   1.03200e-13
       3676.40   1.04480e-13
       3679.40   1.05658e-13
       3682.40   1.04172e-13
       3685.40   1.02029e-13
       3688.40   1.02293e-13
       3691.40   1.03409e-13
       3694.40   1.02029e-13
       3697.40   1.02427e-13
       3700.40   1.00994e-13
       3703.40   1.01621e-13
       3706.40   1.00416e-13
       3709.40   1.01971e-13
       3712.40   1.00687e-13
       3715.40   1.01279e-13
       3718.40   9.90665e-14
       3721.40   9.94740e-14
       3724.40   9.71719e-14
       3727.40   9.91396e-14
       3730.40   9.86882e-14
       3733.40   9.71258e-14
       3736.40   9.80382e-14
       3739.40   9.84913e-14
       3742.40   9.73665e-14
       3745.40   9.74290e-14
       3748.40   9.69517e-14
       3751.40   9.68535e-14
       3754.40   9.53767e-14
       3757.40   9.56258e-14
       3760.40   9.64506e-14
       3763.40   9.56945e-14
       3766.40   9.56590e-14
       3769.40   9.54026e-14
       3772.40   9.58164e-14
       3775.40   9.46015e-14
       3778.40   9.43124e-14
       3781.40   9.48702e-14
       3784.40   9.38266e-14
       3787.40   9.34478e-14
       3790.40   9.27214e-14
       3793.40   9.31599e-14
       3796.40   9.29431e-14
       3799.40   9.38321e-14
       3802.40   9.18221e-14
       3805.38   9.26741e-14
       3808.35   9.19236e-14
       3811.35   9.09651e-14
       3814.35   9.12733e-14
       3817.35   9.06092e-14
       3820.35   9.06890e-14
       3823.35   9.02712e-14
       3826.35   9.09200e-14
       3829.35   8.99561e-14
       3832.35   8.90568e-14
       3835.35   8.90291e-14
       3838.35   8.88911e-14
       3841.35   9.00113e-14
       3844.35   8.77928e-14
       3847.35   8.94071e-14
       3850.35   8.70725e-14
       3853.35   8.89457e-14
       3856.30   8.87163e-14
       3859.30   8.91840e-14
       3862.30   8.67982e-14
       3865.30   8.73963e-14
       3868.30   8.62053e-14
       3871.30   8.68856e-14
       3874.30   8.65786e-14
       3877.30   8.57193e-14
       3880.30   8.64751e-14
       3883.30   8.46940e-14
       3886.30   8.53201e-14
       3889.30   8.41455e-14
       3892.30   8.39999e-14
       3895.28   8.47411e-14
       3898.25   8.44608e-14
       3901.25   8.34191e-14
       3904.25   8.55493e-14
       3907.25   8.40155e-14
       3910.25   8.57309e-14
       3913.25   8.35698e-14
       3916.25   8.44351e-14
       3919.25   8.38186e-14
       3922.25   8.30366e-14
       3925.25   8.39080e-14
       3928.20   8.31449e-14
       3931.20   8.28583e-14
       3934.20   8.22763e-14
       3937.20   8.15383e-14
       3940.20   7.95263e-14
       3943.20   8.05521e-14
       3946.20   8.01189e-14
       3949.20   8.01418e-14
       3952.20   7.98366e-14
       3955.20   7.79477e-14
       3958.15   7.75080e-14
       3961.15   7.59831e-14
       3964.15   7.63493e-14
       3967.15   7.59921e-14
       3970.15   7.50802e-14
       3973.15   7.52290e-14
       3976.15   7.74569e-14
       3979.15   7.69824e-14
       3982.15   7.64691e-14
       3985.10   7.72876e-14
       3988.10   7.65643e-14
       3991.10   7.55111e-14
       3994.10   7.80991e-14
       3997.10   7.76606e-14
       4000.10   7.81354e-14
       4003.10   7.97253e-14
       4006.10   7.82313e-14
       4009.08   7.87244e-14
       4012.05   7.85293e-14
       4015.05   7.79470e-14
       4018.05   7.84144e-14
       4021.05   7.76538e-14
       4024.05   7.81925e-14
       4027.05   7.85753e-14
       4030.05   7.78853e-14
       4033.03   7.72828e-14
       4036.00   7.80850e-14
       4039.00   7.69950e-14
       4042.00   7.72740e-14
       4045.00   7.61493e-14
       4048.00   7.66064e-14
       4051.00   7.55864e-14
       4054.00   7.59418e-14
       4056.98   7.47916e-14
       4059.95   7.52789e-14
       4062.95   7.35016e-14
       4065.95   7.41478e-14
       4068.95   7.33326e-14
       4071.95   7.23927e-14
       4074.95   7.26773e-14
       4077.93   7.11614e-14
       4080.90   7.00163e-14
       4083.90   6.89444e-14
       4086.90   6.85178e-14
       4089.90   6.75350e-14
       4092.90   6.63916e-14
       4095.90   6.43862e-14
       4098.88   6.47317e-14
       4101.85   6.39092e-14
       4104.85   6.49397e-14
       4107.85   6.44134e-14
       4110.85   6.57237e-14
       4113.85   6.62841e-14
       4116.85   6.74063e-14
       4119.83   6.78128e-14
       4122.80   6.86663e-14
       4125.80   6.79589e-14
       4128.80   6.88346e-14
       4131.80   6.87867e-14
       4134.80   6.95131e-14
       4137.80   6.98526e-14
       4140.75   6.96883e-14
       4143.75   6.98541e-14
       4146.75   6.90436e-14
       4149.75   7.05242e-14
       4152.75   6.91937e-14
       4155.75   7.06630e-14
       4158.73   6.92972e-14
       4161.70   6.89127e-14
       4164.70   7.04847e-14
       4167.70   7.00596e-14
       4170.70   6.87575e-14
       4173.70   6.99807e-14
       4176.70   6.88419e-14
       4179.65   6.85293e-14
       4182.65   6.84865e-14
       4185.65   6.81878e-14
       4188.65   6.90461e-14
       4191.65   6.90106e-14
       4194.65   6.73268e-14
       4197.60   6.72560e-14
       4200.60   6.81997e-14
       4203.60   6.75310e-14
       4206.60   6.74199e-14
       4209.60   6.72238e-14
       4212.60   6.78781e-14
       4215.58   6.61307e-14
       4218.55   6.64685e-14
       4221.55   6.74995e-14
       4224.55   6.58864e-14
       4227.55   6.71364e-14
       4230.55   6.66047e-14
       4233.53   6.56119e-14
       4236.50   6.57361e-14
       4239.50   6.65528e-14
       4242.50   6.54563e-14
       4245.50   6.50790e-14
       4248.50   6.44119e-14
       4251.48   6.51357e-14
       4254.45   6.41449e-14
       4257.45   6.44370e-14
       4260.45   6.25157e-14
       4263.45   6.43859e-14
       4266.45   6.43300e-14
       4269.43   6.29040e-14
       4272.40   6.21538e-14
       4275.40   6.32456e-14
       4278.40   6.29056e-14
       4281.40   6.30718e-14
       4284.40   6.16911e-14
       4287.38   6.23759e-14
       4290.35   6.09147e-14
       4293.35   6.04206e-14
       4296.35   6.08988e-14
       4299.35   5.99929e-14
       4302.35   5.98531e-14
       4305.30   6.01735e-14
       4308.30   5.86795e-14
       4311.30   5.82151e-14
       4314.30   5.81587e-14
       4317.30   5.65622e-14
       4320.30   5.52619e-14
       4323.25   5.31487e-14
       4326.25   5.30983e-14
       4329.25   5.22153e-14
       4332.25   5.10420e-14
       4335.25   5.06083e-14
       4338.23   4.97996e-14
       4341.20   4.84328e-14
       4344.20   4.93556e-14
       4347.20   5.12986e-14
       4350.20   5.17786e-14
       4353.20   5.16200e-14
       4356.18   5.32366e-14
       4359.15   5.31066e-14
       4362.15   5.45260e-14
       4365.15   5.40646e-14
       4368.15   5.56475e-14
       4371.15   5.56896e-14
       4374.10   5.57546e-14
       4377.10   5.64325e-14
       4380.10   5.61467e-14
       4383.10   5.67013e-14
       4386.10   5.58900e-14
       4389.10   5.53780e-14
       4392.05   5.70712e-14
       4395.05   5.69571e-14
       4398.05   5.57689e-14
       4401.05   5.61341e-14
       4404.05   5.62149e-14
       4407.03   5.65559e-14
       4410.00   5.73029e-14
       4413.00   5.68400e-14
       4416.00   5.66549e-14
       4419.00   5.72923e-14
       4422.00   5.56838e-14
       4424.98   5.66864e-14
       4427.95   5.58132e-14
       4430.95   5.58623e-14
       4433.95   5.55742e-14
       4436.95   5.57931e-14
       4439.95   5.63054e-14
       4442.90   5.55742e-14
       4445.90   5.55027e-14
       4448.90   5.45122e-14
       4451.90   5.49796e-14
       4454.90   5.48426e-14
       4457.90   5.48935e-14
       4460.88   5.36982e-14
       4463.85   5.53592e-14
       4466.85   5.52131e-14
       4469.85   5.55271e-14
       4472.85   5.43414e-14
       4475.85   5.33879e-14
       4478.80   5.21788e-14
       4481.80   5.36491e-14
       4484.80   5.26387e-14
       4487.80   5.23168e-14
       4490.80   5.24062e-14
       4493.80   5.33111e-14
       4496.75   5.27379e-14
       4499.75   5.32051e-14
       4502.75   5.32565e-14
       4505.75   5.24032e-14
       4508.75   5.26601e-14
       4511.73   5.19073e-14
       4514.70   5.28900e-14
       4517.70   5.24715e-14
       4520.70   5.31983e-14
       4523.70   5.24291e-14
       4526.70   5.16537e-14
       4529.70   5.07599e-14
       4532.65   5.05342e-14
       4535.65   5.15849e-14
       4538.65   5.03086e-14
       4541.65   5.02297e-14
       4544.65   5.12908e-14
       4547.65   5.14736e-14
       4550.60   4.98034e-14
       4553.60   5.09128e-14
       4556.60   5.01555e-14
       4559.60   4.99625e-14
       4562.60   5.00031e-14
       4565.60   5.05944e-14
       4568.55   4.97276e-14
       4571.55   4.96691e-14
       4574.55   4.91193e-14
       4577.55   4.97157e-14
       4580.55   4.89909e-14
       4583.55   4.88627e-14
       4586.50   4.93689e-14
       4589.50   4.89617e-14
       4592.50   4.84441e-14
       4595.50   4.82248e-14
       4598.50   4.89844e-14
       4601.50   4.87229e-14
       4604.50   4.73972e-14
       4607.45   4.70179e-14
       4610.45   4.81500e-14
       4613.45   4.78621e-14
       4616.45   4.88307e-14
       4619.45   4.79755e-14
       4622.50   4.75115e-14
       4626.68   4.77589e-14
       4631.05   4.75994e-14
       4635.45   4.78923e-14
       4639.85   4.73766e-14
       4644.25   4.64611e-14
       4648.65   4.72081e-14
       4653.05   4.66114e-14
       4657.38   4.64190e-14
       4661.75   4.61148e-14
       4666.15   4.60569e-14
       4670.55   4.58755e-14
       4674.95   4.55829e-14
       4679.35   4.57682e-14
       4683.73   4.54121e-14
       4688.05   4.57264e-14
       4692.45   4.56889e-14
       4696.85   4.41766e-14
       4701.25   4.51240e-14
       4705.65   4.41244e-14
       4710.00   4.45103e-14
       4714.35   4.41632e-14
       4718.75   4.43783e-14
       4723.15   4.37973e-14
       4727.55   4.41403e-14
       4731.95   4.36343e-14
       4736.25   4.34747e-14
       4740.65   4.38257e-14
       4745.05   4.32714e-14
       4749.45   4.28224e-14
       4753.85   4.29420e-14
       4758.18   4.27045e-14
       4762.55   4.20270e-14
       4766.95   4.29672e-14
       4771.35   4.26337e-14
       4775.75   4.22099e-14
       4780.05   4.14387e-14
       4784.45   4.14052e-14
       4788.85   4.13732e-14
       4793.25   4.12738e-14
       4797.63   4.04678e-14
       4801.95   4.07605e-14
       4806.35   4.04132e-14
       4810.75   3.99737e-14
       4815.15   3.96390e-14
       4819.48   3.95284e-14
       4823.85   3.80113e-14
       4828.25   3.84606e-14
       4832.65   3.67551e-14
       4837.00   3.71628e-14
       4841.35   3.64425e-14
       4845.75   3.53588e-14
       4850.15   3.48133e-14
       4854.53   3.35490e-14
       4858.85   3.26399e-14
       4863.25   3.28713e-14
       4867.65   3.26955e-14
       4872.03   3.34805e-14
       4876.35   3.40197e-14
       4880.75   3.55069e-14
       4885.15   3.60182e-14
       4889.50   3.61323e-14
       4893.85   3.65161e-14
       4898.25   3.64425e-14
       4902.65   3.63617e-14
       4906.98   3.64065e-14
       4911.35   3.64760e-14
       4915.75   3.68709e-14
       4920.15   3.69205e-14
       4924.45   3.67430e-14
       4928.85   3.64574e-14
       4933.25   3.66702e-14
       4937.63   3.68792e-14
       4941.95   3.71024e-14
       4946.35   3.68405e-14
       4950.75   3.66218e-14
       4955.08   3.72245e-14
       4959.45   3.63222e-14
       4963.85   3.64272e-14
       4968.20   3.62778e-14
       4972.55   3.64554e-14
       4976.95   3.59471e-14
       4981.35   3.59567e-14
       4985.65   3.59335e-14
       4990.05   3.59076e-14
       4994.45   3.56797e-14
       4998.77   3.56666e-14
       5003.15   3.54616e-14
       5007.55   3.55208e-14
       5011.90   3.49455e-14
       5016.25   3.50496e-14
       5020.65   3.51352e-14
       5025.03   3.40611e-14
       5029.35   3.46856e-14
       5033.75   3.44640e-14
       5038.15   3.44391e-14
       5042.45   3.47745e-14
       5046.85   3.36833e-14
       5051.25   3.42298e-14
       5055.55   3.41464e-14
       5059.95   3.31529e-14
       5064.35   3.35098e-14
       5068.65   3.34654e-14
       5073.05   3.37848e-14
       5077.45   3.31443e-14
       5081.75   3.35181e-14
       5086.15   3.31584e-14
       5090.55   3.30043e-14
       5094.85   3.26263e-14
       5099.25   3.33672e-14
       5103.65   3.29184e-14
       5107.95   3.29600e-14
       5112.35   3.20379e-14
       5116.73   3.24616e-14
       5121.05   3.24535e-14
       5125.45   3.27484e-14
       5129.80   3.20259e-14
       5134.15   3.15365e-14
       5138.55   3.18667e-14
       5142.90   3.22460e-14
       5147.25   3.15234e-14
       5151.65   3.20543e-14
       5155.98   3.11378e-14
       5160.35   3.12980e-14
       5164.75   3.15108e-14
       5169.05   3.10414e-14
       5173.45   3.09988e-14
       5177.83   3.11142e-14
       5182.15   3.09663e-14
       5186.55   3.05616e-14
       5190.88   3.12444e-14
       5195.25   3.09192e-14
       5199.65   3.06895e-14
       5203.95   3.05898e-14
       5208.35   3.03765e-14
       5212.73   3.00650e-14
       5217.05   3.04730e-14
       5221.45   3.00929e-14
       5225.77   3.01126e-14
       5230.15   2.99141e-14
       5234.55   2.96663e-14
       5238.85   3.01239e-14
       5243.25   2.97426e-14
       5247.60   2.96119e-14
       5251.95   2.95535e-14
       5256.35   2.94744e-14
       5260.65   2.96970e-14
       5265.05   2.89601e-14
       5269.40   2.89193e-14
       5273.75   2.88795e-14
       5278.15   2.86088e-14
       5282.45   2.85589e-14
       5286.85   2.88518e-14
       5291.20   2.85423e-14
       5295.55   2.85312e-14
       5299.95   2.83020e-14
       5304.25   2.81920e-14
       5308.65   2.80215e-14
       5313.00   2.76132e-14
       5317.35   2.81723e-14
       5321.73   2.77454e-14
       5326.05   2.80494e-14
       5330.45   2.77694e-14
       5334.77   2.76371e-14
       5339.15   2.79585e-14
       5343.53   2.77623e-14
       5347.85   2.78018e-14
       5352.25   2.71999e-14
       5356.55   2.72765e-14
       5360.95   2.73508e-14
       5365.30   2.74253e-14
       5369.65   2.71088e-14
       5374.03   2.70251e-14
       5378.35   2.67610e-14
       5382.75   2.71999e-14
       5387.08   2.65028e-14
       5391.45   2.66076e-14
       5395.80   2.61437e-14
       5400.15   2.64585e-14
       5404.53   2.62301e-14
       5408.85   2.66476e-14
       5413.25   2.64592e-14
       5417.55   2.60999e-14
       5421.95   2.59946e-14
       5426.27   2.61784e-14
       5430.65   2.57692e-14
       5435.03   2.55586e-14
       5439.35   2.57833e-14
       5443.75   2.58747e-14
       5448.05   2.61328e-14
       5453.68   2.51290e-14
       5458.55   2.51880e-14
       5463.42   2.51280e-14
       5468.29   2.51950e-14
       5473.16   2.50340e-14
       5478.04   2.48770e-14
       5482.91   2.47180e-14
       5487.78   2.48630e-14
       5492.65   2.47530e-14
       5497.52   2.47210e-14
       5502.39   2.46380e-14
       5507.27   2.46040e-14
       5512.14   2.44880e-14
       5517.01   2.44590e-14
       5521.88   2.41370e-14
       5526.75   2.41930e-14
       5531.63   2.41610e-14
       5536.50   2.40210e-14
       5541.37   2.40400e-14
       5546.24   2.38360e-14
       5551.12   2.37840e-14
       5555.99   2.37660e-14
       5560.86   2.37380e-14
       5565.73   2.35840e-14
       5570.61   2.33610e-14
       5575.48   2.34600e-14
       5580.35   2.33520e-14
       5585.22   2.32960e-14
       5590.10   2.32090e-14
       5594.97   2.31060e-14
       5599.84   2.29070e-14
       5604.72   2.28180e-14
       5609.59   2.27200e-14
       5614.46   2.26600e-14
       5619.33   2.27050e-14
       5624.21   2.25740e-14
       5629.08   2.25090e-14
       5633.95   2.24790e-14
       5638.83   2.20360e-14
       5643.70   2.23200e-14
       5648.58   2.23240e-14
       5653.45   2.21650e-14
       5658.32   2.19720e-14
       5663.20   2.20910e-14
       5668.07   2.20110e-14
       5672.94   2.19300e-14
       5677.82   2.17790e-14
       5682.69   2.16500e-14
       5687.56   2.17580e-14
       5692.44   2.16050e-14
       5697.31   2.13460e-14
       5702.19   2.14000e-14
       5707.06   2.14760e-14
       5711.93   2.13750e-14
       5716.81   2.13150e-14
       5721.68   2.12470e-14
       5726.56   2.11780e-14
       5731.43   2.11410e-14
       5736.31   2.10630e-14
       5741.18   2.10060e-14
       5746.06   2.09270e-14
       5750.93   2.08330e-14
       5755.80   2.07530e-14
       5760.68   2.06290e-14
       5765.55   2.05910e-14
       5770.43   2.04850e-14
       5775.30   2.04910e-14
       5780.18   2.04160e-14
       5785.05   2.04560e-14
       5789.93   2.03640e-14
       5794.80   2.01970e-14
       5799.68   2.02210e-14
       5804.55   2.00850e-14
       5809.43   1.99420e-14
       5814.30   1.99440e-14
       5819.18   1.98130e-14
       5824.05   1.98910e-14
       5828.93   1.97560e-14
       5833.80   1.96440e-14
       5838.68   1.95900e-14
       5843.55   1.95500e-14
       5848.43   1.94630e-14
       5853.31   1.94160e-14
       5858.18   1.93440e-14
       5863.06   1.93920e-14
       5867.93   1.94070e-14
       5872.81   1.92420e-14
       5877.68   1.92850e-14
       5882.56   1.90960e-14
       5887.44   1.90480e-14
       5892.31   1.89320e-14
       5897.19   1.88670e-14
       5902.06   1.88370e-14
       5906.94   1.88600e-14
       5911.82   1.87360e-14
       5916.69   1.86120e-14
       5921.57   1.86320e-14
       5926.44   1.85620e-14
       5931.32   1.86020e-14
       5936.20   1.84330e-14
       5941.07   1.83990e-14
       5945.95   1.83280e-14
       5950.83   1.82570e-14
       5955.70   1.81250e-14
       5960.58   1.81050e-14
       5965.46   1.81280e-14
       5970.33   1.80430e-14
       5975.21   1.80390e-14
       5980.09   1.79420e-14
       5984.96   1.78010e-14
       5989.84   1.77670e-14
       5994.72   1.76300e-14
       5999.59   1.79180e-14
       6004.47   1.77390e-14
       6009.35   1.76620e-14
       6014.22   1.75690e-14
       6019.10   1.74680e-14
       6023.98   1.74440e-14
       6028.85   1.75070e-14
       6033.73   1.72460e-14
       6038.61   1.71660e-14
       6043.49   1.72140e-14
       6048.36   1.70990e-14
       6053.24   1.74280e-14
       6058.12   1.70400e-14
       6063.00   1.70290e-14
       6067.87   1.68970e-14
       6072.75   1.69190e-14
       6077.63   1.69030e-14
       6082.51   1.68410e-14
       6087.38   1.68250e-14
       6092.26   1.67040e-14
       6097.14   1.65910e-14
       6102.02   1.65910e-14
       6106.90   1.66060e-14
       6111.77   1.65330e-14
       6116.65   1.65000e-14
       6121.53   1.63840e-14
       6126.41   1.63640e-14
       6131.28   1.62900e-14
       6136.16   1.63090e-14
       6141.04   1.62730e-14
       6145.92   1.61730e-14
       6150.80   1.60990e-14
       6155.68   1.60220e-14
       6160.55   1.60650e-14
       6165.43   1.60200e-14
       6170.31   1.59470e-14
       6175.19   1.59050e-14
       6180.07   1.57990e-14
       6184.95   1.57030e-14
       6189.82   1.55880e-14
       6194.70   1.56890e-14
       6199.58   1.56610e-14
       6204.46   1.55640e-14
       6209.34   1.55240e-14
       6214.22   1.54910e-14
       6219.10   1.54510e-14
       6223.97   1.54220e-14
       6228.85   1.54580e-14
       6233.73   1.52500e-14
       6238.61   1.50520e-14
       6243.49   1.51180e-14
       6248.37   1.50860e-14
       6253.25   1.49920e-14
       6258.13   1.51160e-14
       6263.01   1.50170e-14
       6267.88   1.50050e-14
       6272.76   1.48580e-14
       6277.64   1.49030e-14
       6282.52   1.49420e-14
       6287.40   1.47870e-14
       6292.28   1.47940e-14
       6297.16   1.46880e-14
       6302.04   1.46830e-14
       6306.92   1.47330e-14
       6311.80   1.47010e-14
       6316.68   1.45100e-14
       6321.56   1.44260e-14
       6326.44   1.42650e-14
       6331.32   1.41840e-14
       6336.20   1.41860e-14
       6341.08   1.41030e-14
       6345.96   1.40950e-14
       6350.83   1.42120e-14
       6355.71   1.41880e-14
       6360.59   1.41250e-14
       6365.47   1.40580e-14
       6370.35   1.40210e-14
       6375.23   1.39930e-14
       6380.11   1.39540e-14
       6384.99   1.39890e-14
       6389.87   1.39020e-14
       6394.75   1.38060e-14
       6399.63   1.37920e-14
       6404.51   1.37790e-14
       6409.39   1.37740e-14
       6414.27   1.36420e-14
       6419.15   1.35170e-14
       6424.03   1.36250e-14
       6428.92   1.36200e-14
       6433.80   1.34920e-14
       6438.68   1.34630e-14
       6443.56   1.33350e-14
       6448.44   1.34190e-14
       6453.32   1.34390e-14
       6458.20   1.33160e-14
       6463.08   1.32270e-14
       6467.96   1.31050e-14
       6472.84   1.30160e-14
       6477.72   1.31040e-14
       6482.60   1.30570e-14
       6487.48   1.29900e-14
       6492.36   1.29930e-14
       6497.24   1.29750e-14
       6502.12   1.28920e-14
       6507.00   1.28860e-14
       6511.88   1.27720e-14
       6516.77   1.26170e-14
       6521.65   1.25350e-14
       6526.53   1.24830e-14
       6531.41   1.23200e-14
       6536.29   1.22640e-14
       6541.17   1.20620e-14
       6546.05   1.18340e-14
       6550.93   1.16690e-14
       6555.81   1.14210e-14
       6560.69   1.13500e-14
       6565.58   1.10760e-14
       6570.46   1.11750e-14
       6575.34   1.13080e-14
       6580.22   1.14670e-14
       6585.10   1.16210e-14
       6589.98   1.16970e-14
       6594.86   1.18070e-14
       6599.74   1.19780e-14
       6604.63   1.19380e-14
       6609.51   1.19910e-14
       6614.39   1.19490e-14
       6619.27   1.21900e-14
       6624.15   1.19460e-14
       6629.03   1.19580e-14
       6633.91   1.19600e-14
       6638.80   1.19640e-14
       6643.68   1.18320e-14
       6648.56   1.18270e-14
       6653.44   1.18350e-14
       6658.32   1.17620e-14
       6663.20   1.18310e-14
       6668.09   1.17340e-14
       6672.97   1.17630e-14
       6677.85   1.17650e-14
       6682.73   1.16910e-14
       6687.61   1.15690e-14
       6692.50   1.15860e-14
       6697.38   1.15700e-14
       6702.26   1.14320e-14
       6707.14   1.15380e-14
       6712.02   1.14410e-14
       6716.91   1.14500e-14
       6721.79   1.14090e-14
       6726.67   1.14350e-14
       6731.55   1.13600e-14
       6736.43   1.13260e-14
       6741.32   1.12530e-14
       6746.20   1.13000e-14
       6751.08   1.13760e-14
       6755.96   1.12330e-14
       6760.85   1.11710e-14
       6765.73   1.11450e-14
       6770.61   1.11330e-14
       6775.49   1.10770e-14
       6780.37   1.11030e-14
       6785.26   1.10360e-14
       6790.14   1.10380e-14
       6795.02   1.09750e-14
       6799.90   1.09500e-14
       6804.79   1.08710e-14
       6809.67   1.08790e-14
       6814.55   1.08490e-14
       6819.43   1.07840e-14
       6824.32   1.07810e-14
       6829.20   1.07920e-14
       6834.08   1.07220e-14
       6838.96   1.07230e-14
       6843.85   1.07600e-14
       6848.73   1.06560e-14
       6853.61   1.06330e-14
       6858.50   1.05390e-14
       6863.38   1.04340e-14
       6868.26   1.04820e-14
       6873.14   1.04490e-14
       6878.03   1.04790e-14
       6882.91   1.04690e-14
       6887.79   1.04900e-14
       6892.68   1.03940e-14
       6897.56   1.03980e-14
       6902.44   1.03560e-14
       6907.32   1.03030e-14
       6912.21   1.02940e-14
       6917.09   1.02980e-14
       6921.97   1.02490e-14
       6926.86   1.01550e-14
       6931.74   1.01890e-14
       6936.62   1.01340e-14
       6941.51   1.00940e-14
       6946.39   1.00490e-14
       6951.27   1.00220e-14
       6956.16   1.00150e-14
       6961.04   1.00050e-14
       6965.92   1.00420e-14
       6970.81   1.00660e-14
       6975.69   9.94940e-15
       6980.57   9.92140e-15
       6985.46   9.91740e-15
       6990.34   9.82440e-15
       6995.22   9.82930e-15
       7000.11   9.82550e-15
       7004.99   9.86140e-15
       7009.87   9.70880e-15
       7014.76   9.76580e-15
       7019.64   9.70090e-15
       7024.52   9.69150e-15
       7029.41   9.65890e-15
       7034.29   9.60230e-15
       7039.17   9.58930e-15
       7044.06   9.56340e-15
       7048.94   9.59150e-15
       7053.82   9.59730e-15
       7058.71   9.50040e-15
       7063.59   9.49860e-15
       7068.48   9.44850e-15
       7073.36   9.42280e-15
       7078.24   9.43670e-15
       7083.13   9.32460e-15
       7088.01   9.30870e-15
       7092.89   9.30450e-15
       7097.78   9.25390e-15
       7102.66   9.27470e-15
       7107.55   9.24370e-15
       7112.43   9.19080e-15
       7117.31   9.24500e-15
       7122.20   9.15180e-15
       7127.08   9.13450e-15
       7131.96   9.19860e-15
       7136.85   9.15380e-15
       7141.73   9.05350e-15
       7146.62   9.03810e-15
       7151.50   8.98230e-15
       7156.38   8.99370e-15
       7161.27   9.01130e-15
       7166.15   8.96480e-15
       7171.04   8.97910e-15
       7175.92   8.92500e-15
       7180.80   8.88600e-15
       7185.69   8.84170e-15
       7190.57   8.82730e-15
       7195.46   8.84010e-15
       7200.34   8.77330e-15
       7205.23   8.79250e-15
       7210.11   8.82370e-15
       7214.99   8.74000e-15
       7219.88   8.72570e-15
       7224.76   8.70210e-15
       7229.65   8.62660e-15
       7234.53   8.64890e-15
       7239.41   8.64000e-15
       7244.30   8.61180e-15
       7249.18   8.61730e-15
       7254.07   8.54520e-15
       7258.95   8.54520e-15
       7263.84   8.54930e-15
       7268.72   8.46150e-15
       7273.60   8.48740e-15
       7278.49   8.47930e-15
       7283.37   8.42080e-15
       7288.26   8.37770e-15
       7293.14   8.35950e-15
       7298.03   8.37800e-15
       7302.91   8.31940e-15
       7307.80   8.26740e-15
       7312.68   8.33390e-15
       7317.56   8.48080e-15
       7322.45   8.28460e-15
       7327.33   8.23290e-15
       7332.22   8.23770e-15
       7337.10   8.14310e-15
       7341.99   8.14870e-15
       7346.87   8.23240e-15
       7351.76   8.16360e-15
       7356.64   8.06770e-15
       7361.52   8.06670e-15
       7366.41   8.08590e-15
       7371.29   8.05050e-15
       7376.18   8.01230e-15
       7381.06   8.03010e-15
       7385.95   8.05090e-15
       7390.83   7.98800e-15
       7395.72   7.95780e-15
       7400.60   7.90700e-15
       7405.49   7.89970e-15
       7410.37   7.85000e-15
       7415.26   7.83080e-15
       7420.14   7.82500e-15
       7425.03   7.83090e-15
       7429.91   7.79120e-15
       7434.79   7.75690e-15
       7439.68   7.76320e-15
       7444.56   7.74100e-15
       7449.45   7.74440e-15
       7454.33   7.70740e-15
       7459.22   7.70020e-15
       7464.10   7.63290e-15
       7468.99   7.62980e-15
       7473.87   7.62860e-15
       7478.76   7.59610e-15
       7483.64   7.58850e-15
       7488.53   7.54790e-15
       7493.41   7.53260e-15
       7498.30   7.50750e-15
       7503.18   7.48250e-15
       7508.07   7.47840e-15
       7512.95   7.54320e-15
       7517.84   7.48380e-15
       7522.72   7.45170e-15
       7527.61   7.41090e-15
       7532.49   7.48320e-15
       7537.38   7.44620e-15
       7542.26   7.45530e-15
       7547.15   7.34830e-15
       7552.03   7.33850e-15
       7556.92   7.28940e-15
       7561.80   7.31710e-15
       7566.69   7.30930e-15
       7571.57   7.24560e-15
       7576.46   7.27200e-15
       7581.34   7.23910e-15
       7586.23   7.22890e-15
       7591.11   7.17760e-15
       7596.00   7.12140e-15
       7600.88   7.10570e-15
       7605.77   7.13110e-15
       7610.65   7.11050e-15
       7615.54   7.07640e-15
       7620.42   7.07250e-15
       7625.31   7.06780e-15
       7630.19   7.05070e-15
       7635.08   6.98750e-15
       7639.96   6.99730e-15
       7644.85   7.04140e-15
       7649.73   7.13520e-15
       7654.62   7.12300e-15
       7659.50   6.95050e-15
       7664.39   6.86300e-15
       7669.27   6.88650e-15
       7674.16   6.86470e-15
       7679.04   6.85900e-15
       7683.93   6.90110e-15
       7688.81   6.84940e-15
       7693.70   6.76660e-15
       7698.58   6.84800e-15
       7703.47   6.82100e-15
       7708.35   6.79420e-15
       7713.24   6.76460e-15
       7718.12   6.73780e-15
       7723.01   6.74630e-15
       7727.89   6.73760e-15
       7732.78   6.68490e-15
       7737.66   6.73520e-15
       7742.55   6.71840e-15
       7747.43   6.65590e-15
       7752.32   6.63280e-15
       7757.20   6.63270e-15
       7762.09   6.66990e-15
       7766.97   6.62720e-15
       7771.86   6.58630e-15
       7776.74   6.54770e-15
       7781.63   6.48950e-15
       7786.51   6.41990e-15
       7791.40   6.43550e-15
       7796.28   6.48120e-15
       7801.17   6.45690e-15
       7806.06   6.42460e-15
       7810.94   6.46140e-15
       7815.83   6.46390e-15
       7820.71   6.39090e-15
       7825.60   6.35850e-15
       7830.48   6.41830e-15
       7835.37   6.40330e-15
       7840.25   6.38400e-15
       7845.14   6.31540e-15
       7850.02   6.33740e-15
       7854.91   6.28670e-15
       7859.79   6.33540e-15
       7864.68   6.40630e-15
       7869.56   6.30680e-15
       7874.45   6.28680e-15
       7879.33   6.27510e-15
       7884.22   6.21890e-15
       7889.10   6.16310e-15
       7893.99   6.17030e-15
       7898.87   6.16740e-15
       7903.76   6.16950e-15
       7908.64   6.20080e-15
       7913.53   6.12550e-15
       7918.41   6.11280e-15
       7923.30   6.16740e-15
       7928.18   6.12580e-15
       7933.07   6.15730e-15
       7937.95   6.08240e-15
       7942.84   6.05560e-15
       7947.72   6.05760e-15
       7952.61   6.02740e-15
       7957.50   6.10770e-15
       7962.38   6.05450e-15
       7967.27   5.96050e-15
       7972.15   5.94020e-15
       7977.04   5.87830e-15
       7981.92   5.92910e-15
       7986.81   5.93590e-15
       7991.69   5.92270e-15
       7996.58   5.88320e-15
       8001.46   5.85740e-15
       8006.35   5.90950e-15
       8011.23   5.86800e-15
       8016.12   5.78530e-15
       8021.00   5.83240e-15
       8025.89   5.84360e-15
       8030.77   5.78680e-15
       8035.66   5.81180e-15
       8040.54   5.75780e-15
       8045.43   5.74280e-15
       8050.31   5.77090e-15
       8055.20   5.70360e-15
       8060.08   5.70150e-15
       8064.97   5.65590e-15
       8069.85   5.70790e-15
       8074.74   5.68310e-15
       8079.62   5.66530e-15
       8084.51   5.67090e-15
       8089.39   5.63060e-15
       8094.28   5.59330e-15
       8099.16   5.56250e-15
       8104.05   5.58790e-15
       8108.93   5.59620e-15
       8113.82   5.54950e-15
       8118.70   5.55800e-15
       8123.59   5.52510e-15
       8128.47   5.53730e-15
       8133.36   5.56620e-15
       8138.24   5.47860e-15
       8143.13   5.47420e-15
       8148.01   5.48230e-15
       8152.90   5.47160e-15
       8157.78   5.42840e-15
       8162.67   5.41660e-15
       8167.55   5.41970e-15
       8172.44   5.45200e-15
       8177.32   5.36260e-15
       8182.21   5.41640e-15
       8187.09   5.39190e-15
       8191.98   5.36330e-15
       8196.86   5.36550e-15
       8201.75   5.32140e-15
       8206.63   5.31050e-15
       8211.52   5.32690e-15
       8216.40   5.29050e-15
       8221.29   5.35480e-15
       8226.17   5.29770e-15
       8231.06   5.22770e-15
       8235.94   5.24450e-15
       8240.83   5.29550e-15
       8245.71   5.27720e-15
       8250.60   5.18000e-15
       8255.48   5.19680e-15
       8260.37   5.18600e-15
       8265.25   5.16610e-15
       8270.13   5.14910e-15
       8275.02   5.19630e-15
       8279.90   5.15250e-15
       8284.79   5.14550e-15
       8289.67   5.14240e-15
       8294.56   5.13410e-15
       8299.44   5.12520e-15
       8304.33   5.07740e-15
       8309.21   5.09220e-15
       8314.10   5.05520e-15
       8318.98   5.05670e-15
       8323.87   5.06810e-15
       8328.75   5.06670e-15
       8333.64   5.03010e-15
       8338.52   4.99130e-15
       8343.40   4.92980e-15
       8348.29   4.99300e-15
       8353.17   4.97810e-15
       8358.06   4.94010e-15
       8362.94   4.95700e-15
       8367.83   4.88050e-15
       8372.71   4.91360e-15
       8377.60   4.93270e-15
       8382.48   5.05950e-15
       8387.37   5.01790e-15
       8392.25   5.23190e-15
       8397.13   4.83800e-15
       8402.02   4.81230e-15
       8406.90   4.81870e-15
       8411.79   4.79320e-15
       8416.67   4.79400e-15
       8421.56   4.77780e-15
       8426.44   4.74200e-15
       8431.33   4.76830e-15
       8436.21   4.84570e-15
       8441.09   4.88490e-15
       8445.98   4.82910e-15
       8450.86   4.70010e-15
       8455.75   4.73890e-15
       8460.63   4.70950e-15
       8465.52   4.79500e-15
       8470.40   4.81470e-15
       8475.28   4.71710e-15
       8480.17   4.73510e-15
       8485.05   4.69390e-15
       8489.94   4.71830e-15
       8494.82   4.67030e-15
       8499.71   4.67420e-15
       8504.59   4.64830e-15
       8509.47   4.62670e-15
       8514.36   4.64610e-15
       8519.24   4.62840e-15
       8524.13   4.63510e-15
       8529.01   4.57440e-15
       8533.89   4.59560e-15
       8538.78   4.56610e-15
       8543.66   4.55660e-15
       8548.55   4.54720e-15
       8553.43   4.52650e-15
       8558.31   4.44410e-15
       8563.20   4.50010e-15
       8568.08   4.49700e-15
       8572.97   4.48740e-15
       8577.85   4.48110e-15
       8582.73   4.48880e-15
       8587.62   4.47930e-15
       8592.50   4.49510e-15
       8597.39   4.42190e-15
       8602.27   4.45700e-15
       8607.15   4.46840e-15
       8612.04   4.45760e-15
       8616.92   4.42720e-15
       8621.80   4.40750e-15
       8626.69   4.37830e-15
       8631.57   4.33110e-15
       8636.46   4.32760e-15
       8641.34   4.34980e-15
       8646.22   4.30440e-15
       8651.11   4.36580e-15
       8655.99   4.36280e-15
       8660.88   4.39340e-15
       8665.76   4.59160e-15
       8670.64   4.45070e-15
       8675.53   4.33500e-15
       8680.41   4.29720e-15
       8685.29   4.34940e-15
       8690.18   4.33840e-15
       8695.06   4.33240e-15
       8699.94   4.30490e-15
       8704.83   4.28800e-15
       8709.71   4.31360e-15
       8714.59   4.23450e-15
       8719.48   4.22670e-15
       8724.36   4.20760e-15
       8729.24   4.25190e-15
       8734.13   4.20310e-15
       8739.01   4.20150e-15
       8743.89   4.20340e-15
       8748.78   4.15430e-15
       8753.66   4.18020e-15
       8758.54   4.17890e-15
       8763.43   4.16220e-15
       8768.31   4.27880e-15
       8773.19   4.29980e-15
       8778.08   4.11630e-15
       8782.96   4.11040e-15
       8787.84   4.11040e-15
       8792.72   4.12330e-15
       8797.61   4.19510e-15
       8802.49   4.09940e-15
       8807.37   4.07300e-15
       8812.26   4.08020e-15
       8817.14   4.02460e-15
       8822.02   4.06690e-15
       8826.91   4.10290e-15
       8831.79   3.99520e-15
       8836.67   4.00010e-15
       8841.55   3.99930e-15
       8846.44   3.98220e-15
       8851.32   3.96950e-15
       8856.20   3.96450e-15
       8861.09   3.94470e-15
       8865.97   3.89530e-15
       8870.85   3.88980e-15
       8875.73   3.92380e-15
       8880.62   3.95660e-15
       8885.50   3.92820e-15
       8890.38   3.91370e-15
       8895.26   3.90740e-15
       8900.15   3.90770e-15
       8905.03   3.90450e-15
       8909.91   4.07300e-15
       8914.79   3.95680e-15
       8919.68   4.00870e-15
       8924.56   3.88460e-15
       8929.44   3.85000e-15
       8934.32   3.79970e-15
       8939.21   3.81830e-15
       8944.09   3.84650e-15
       8948.97   3.83090e-15
       8953.85   3.80310e-15
       8958.74   3.78980e-15
       8963.62   3.79130e-15
       8968.50   3.81840e-15
       8973.38   3.73110e-15
       8978.26   3.70980e-15
       8983.15   3.72090e-15
       8988.03   3.70940e-15
       8992.91   3.86950e-15
       8997.79   3.78280e-15
       9002.68   3.77190e-15
       9007.56   3.75340e-15
       9012.44   3.77220e-15
       9017.32   3.71640e-15
       9022.20   3.66260e-15
       9027.08   3.67450e-15
       9031.97   3.70310e-15
       9036.85   3.71050e-15
       9041.73   3.63420e-15
       9046.61   3.62140e-15
       9051.49   3.60180e-15
       9056.38   3.65130e-15
       9061.26   3.68550e-15
       9066.14   3.63050e-15
       9071.02   3.68560e-15
       9075.90   3.63290e-15
       9080.78   3.58800e-15
       9085.67   3.61540e-15
       9090.55   3.55740e-15
       9095.43   3.51390e-15
       9100.31   3.53350e-15
       9105.19   3.54300e-15
       9110.07   3.58940e-15
       9114.95   3.51910e-15
       9119.84   3.54230e-15
       9124.72   3.50870e-15
       9129.60   3.53110e-15
       9134.48   3.52970e-15
       9139.36   3.57750e-15
       9144.24   3.53050e-15
       9149.12   3.50560e-15
       9154.00   3.51140e-15
       9158.89   3.49200e-15
       9163.77   3.45780e-15
       9168.65   3.40790e-15
       9173.53   3.46420e-15
       9178.41   3.44330e-15
       9183.29   3.48840e-15
       9188.17   3.54800e-15
       9193.05   3.42040e-15
       9197.93   3.46430e-15
       9202.81   3.43190e-15
       9207.70   3.42320e-15
       9212.58   3.41750e-15
       9217.46   3.34780e-15
       9222.34   3.26040e-15
       9227.22   3.34600e-15
       9232.10   3.30800e-15
       9236.98   3.35010e-15
       9241.86   3.34370e-15
       9246.74   3.33420e-15
       9251.62   3.30900e-15
       9256.50   3.29140e-15
       9261.38   3.29550e-15
       9266.26   3.31880e-15
       9271.14   3.33380e-15
       9276.02   3.28550e-15
       9280.90   3.33100e-15
       9285.78   3.35560e-15
       9290.66   3.30450e-15
       9295.54   3.25660e-15
       9300.42   3.26920e-15
       9305.30   3.24270e-15
       9310.18   3.21090e-15
       9315.07   3.24410e-15
       9319.95   3.17520e-15
       9324.83   3.18150e-15
       9329.71   3.20060e-15
       9334.58   3.22080e-15
       9339.46   3.17970e-15
       9344.34   3.20570e-15
       9349.22   3.17440e-15
       9354.10   3.17250e-15
       9358.98   3.22590e-15
       9363.86   3.20670e-15
       9368.74   3.16820e-15
       9373.62   3.16980e-15
       9378.50   3.17190e-15
       9383.38   3.18850e-15
       9388.26   3.16050e-15
       9393.14   3.21850e-15
       9398.02   3.20360e-15
       9402.90   3.16290e-15
       9407.78   3.10890e-15
       9412.66   3.09940e-15
       9417.54   3.04920e-15
       9422.42   3.04150e-15
       9427.30   3.03280e-15
       9432.18   3.06080e-15
       9437.06   3.05060e-15
       9441.94   3.08180e-15
       9446.81   3.10950e-15
       9451.69   3.13650e-15
       9456.57   3.26960e-15
       9461.45   3.00440e-15
       9466.33   3.04350e-15
       9471.21   3.04930e-15
       9476.09   3.01610e-15
       9480.97   2.99530e-15
       9485.85   2.94960e-15
       9490.72   2.93130e-15
       9495.60   2.99570e-15
       9500.48   2.99630e-15
       9505.36   2.92840e-15
       9510.24   2.97270e-15
       9515.12   2.99800e-15
       9520.00   3.17630e-15
       9524.88   2.95510e-15
       9529.75   2.94820e-15
       9534.63   2.92930e-15
       9539.51   2.88850e-15
       9544.39   2.87670e-15
       9549.27   2.91360e-15
       9554.15   2.88640e-15
       9559.02   2.90030e-15
       9563.90   2.88120e-15
       9568.78   2.81410e-15
       9573.66   2.92830e-15
       9578.54   2.85050e-15
       9583.42   2.84050e-15
       9588.29   2.86320e-15
       9593.17   2.84430e-15
       9598.05   2.93990e-15
       9602.93   2.89560e-15
       9607.80   2.84030e-15
       9612.68   2.85310e-15
       9617.56   2.81790e-15
       9622.44   2.81980e-15
       9627.32   2.86340e-15
       9632.19   2.79980e-15
       9637.07   2.78670e-15
       9641.95   2.81140e-15
       9646.83   2.79580e-15
       9651.70   2.79850e-15
       9656.58   2.81260e-15
       9661.46   2.88120e-15
       9666.33   2.83600e-15
       9671.21   2.87260e-15
       9676.09   2.88360e-15
       9680.97   2.79650e-15
       9685.84   2.88130e-15
       9690.72   2.83860e-15
       9695.60   2.81280e-15
       9700.48   2.82830e-15
       9705.35   2.81670e-15
       9710.23   2.99200e-15
       9715.11   2.93340e-15
       9719.98   2.72270e-15
       9724.86   2.71010e-15
       9729.74   2.74340e-15
       9734.61   2.72140e-15
       9739.49   2.74170e-15
       9744.37   2.67390e-15
       9749.24   2.67700e-15
       9754.12   2.69490e-15
       9759.00   2.62710e-15
       9763.87   2.68400e-15
       9768.75   2.64290e-15
       9773.63   2.64020e-15
       9778.50   2.69110e-15
       9783.38   2.69120e-15
       9788.25   2.67110e-15
       9793.13   2.66470e-15
       9798.01   2.69380e-15
       9802.88   2.66880e-15
       9807.76   2.71070e-15
       9812.64   2.62500e-15
       9817.51   2.65630e-15
       9822.39   2.66290e-15
       9827.26   2.61980e-15
       9832.14   2.63260e-15
       9837.02   2.69510e-15
       9841.89   2.71320e-15
       9846.77   2.65760e-15
       9851.64   2.60330e-15
       9856.52   2.58510e-15
       9861.39   2.57650e-15
       9866.27   2.62500e-15
       9871.14   2.61520e-15
       9876.02   2.59300e-15
       9880.90   2.60110e-15
       9885.77   2.62150e-15
       9890.65   2.61550e-15
       9895.52   2.67680e-15
       9900.40   2.77060e-15
       9905.27   2.56010e-15
       9910.15   2.52000e-15
       9915.02   2.53880e-15
       9919.90   2.47740e-15
       9924.77   2.45660e-15
       9929.65   2.40340e-15
       9934.52   2.45080e-15
       9939.40   2.50280e-15
       9944.27   2.54610e-15
       9949.15   2.49050e-15
       9954.02   2.40990e-15
       9958.90   2.47940e-15
       9963.77   2.51080e-15
       9968.64   2.47060e-15
       9973.52   2.52530e-15
       9978.39   2.55410e-15
       9983.27   2.74190e-15
       9988.14   2.50480e-15
       9993.02   2.44790e-15
       9997.89   2.50540e-15
       10002.8   2.44780e-15
       10007.6   2.41420e-15
       10012.5   2.41870e-15
       10017.4   2.41780e-15
       10022.3   2.34840e-15
       10027.1   2.42210e-15
       10032.0   2.39600e-15
       10036.9   2.46190e-15
       10041.8   2.37280e-15
       10046.6   2.37700e-15
       10051.5   2.35100e-15
       10056.4   2.31830e-15
       10061.3   2.28880e-15
       10066.1   2.32180e-15
       10071.0   2.32450e-15
       10075.9   2.35990e-15
       10080.7   2.51700e-15
       10085.6   2.37730e-15
       10090.5   2.34720e-15
       10095.4   2.43660e-15
       10100.2   2.35520e-15
       10105.1   2.39430e-15
       10110.0   2.38070e-15
       10114.9   2.31640e-15
       10119.7   2.47310e-15
       10124.6   2.44330e-15
       10129.5   2.33360e-15
       10134.3   2.34950e-15
       10139.2   2.27590e-15
       10144.1   2.27710e-15
       10149.0   2.27330e-15
       10153.8   2.32220e-15
       10158.7   2.28290e-15
       10163.6   2.24160e-15
       10168.5   2.21420e-15
       10173.3   2.01860e-15
       10178.2   2.19250e-15
       10183.1   2.22620e-15
       10187.9   2.28760e-15
       10192.8   2.27930e-15
       10197.7   2.42310e-15
       10202.6   2.64900e-15
       10207.4   2.32870e-15
       10212.3   2.30200e-15
       10217.2   2.30000e-15
       10222.0   2.36780e-15
       10226.9   2.23470e-15
       10231.8   2.13080e-15
       10236.7   2.30870e-15
