#   1 X_IMAGE                Object position along x                                    [pixel]
#   2 Y_IMAGE                Object position along y                                    [pixel]
#   3 ALPHA_J2000            Right ascension of barycenter (J2000)                      [deg]
#   4 DELTA_J2000            Declination of barycenter (J2000)                          [deg]
#   5 MAG_APER               Fixed aperture magnitude vector                            [mag]
#   6 MAGERR_APER            RMS error vector for fixed aperture mag.                   [mag]
#   7 ELLIPTICITY            1 - B_IMAGE/A_IMAGE                                       
#   8 FWHM_IMAGE             FWHM assuming a gaussian core                              [pixel]
#   9 FLAGS                  Extraction flags                                          
  1056.239     44.335 239.9868095 +19.9545759  15.8305   0.0393    0.509     3.84   0
   908.043   1104.362 240.0007002 +20.0479961  16.6612   0.0778    0.808    10.83   0
   212.026   1091.824 240.0659957 +20.0468816  16.2294   0.0534    0.707    14.42   0
   582.450   1086.198 240.0312450 +20.0463939  17.0393   0.1088    0.041     5.78   0
   402.436   1085.900 240.0481326 +20.0463645  16.6214   0.0771    0.124     6.14   0
   739.963   1064.268 240.0164682 +20.0444626  17.7106   0.2000    0.156     1.79   0
   800.461   1045.500 240.0107928 +20.0428088  16.2224   0.0364    0.221     6.69   0
  1153.527   1046.018 239.9776715 +20.0428520  18.6874   0.4899    0.354    -0.17   0
  1442.791   1043.583 239.9505355 +20.0426309  19.1864   0.7732    0.370     1.17   0
   435.602   1042.619 240.0450203 +20.0425509  17.2415   0.0997    0.004     0.68   0
  1091.127   1030.774 239.9835254 +20.0415095  16.8602   0.0955    0.081     1.19   0
   579.825   1031.169 240.0314905 +20.0415442  17.2730   0.0944    0.258     3.94   0
  1393.077   1021.831 239.9551998 +20.0407153  14.5916   0.0102    0.041     6.00   0
  1311.035   1025.025 239.9628961 +20.0409989  19.1355   0.5944    0.004     1.86   0
   137.513   1021.526 240.0729834 +20.0406839  17.3752   0.1058    0.019     0.09   0
  1158.883   1005.573 239.9771697 +20.0392875  16.0588   0.0320    0.134     6.28   0
   947.976    996.025 239.9969545 +20.0384484  16.5127   0.0311    0.039     5.11   0
   523.643    987.872 240.0367602 +20.0377276  17.6495   0.1036    0.253     3.56   0
   298.753    972.094 240.0578561 +20.0363324  16.3179   0.0313    0.180     4.83   0
   875.502    970.490 240.0037533 +20.0361983  17.8428   0.0923    0.002     4.49   0
   672.170    917.987 240.0228266 +20.0315705  17.0780   0.0464    0.214     9.53   0
  1295.734    909.279 239.9643342 +20.0307987  13.9485   0.0049    0.045     5.00   0
   252.917    887.494 240.0621533 +20.0288754  14.7971   0.0089    0.094     5.08   0
   936.149    876.403 239.9980647 +20.0279063  15.8523   0.0147    0.256    17.31   0
   889.350    882.938 240.0024545 +20.0284824  16.2724   0.0208    0.053     5.03   0
   692.537    872.287 240.0209159 +20.0275432  16.0345   0.0173    0.090     4.65   0
   255.754    837.491 240.0618857 +20.0244688  13.8295   0.0045    0.099     4.84   0
   134.110    840.151 240.0732959 +20.0246994  17.0548   0.0583    0.444    10.56   0
   502.418    831.334 240.0387485 +20.0239317  13.3695   0.0034    0.115     4.84   0
   466.600    823.580 240.0421081 +20.0232478  17.0337   0.0571    0.474     8.98   0
   519.844    821.753 240.0371138 +20.0230877  14.9459   0.0099    0.085     4.88   0
   731.663    807.778 240.0172454 +20.0218583  17.4818   0.0604    0.139     6.78   0
   577.776    799.898 240.0316796 +20.0211625  17.2804   0.0710    0.191     4.77   0
  1112.975    791.418 239.9814793 +20.0204149  17.1531   0.0637    0.249     7.60   0
  1533.779    783.362 239.9420095 +20.0196949  16.1841   0.0273    0.100     5.10   0
   593.727    773.529 240.0301831 +20.0188387  14.1588   0.0056    0.075     4.84   0
   302.581    760.062 240.0574911 +20.0176463  13.6199   0.0039    0.128     4.93   0
  1497.888    751.548 239.9453770 +20.0168924  16.7239   0.0435    0.143     5.50   0
   793.370    749.992 240.0114573 +20.0167660  16.8351   0.0339    0.121     5.33   0
  1595.147    750.122 239.9362546 +20.0167634  17.4951   0.1157    0.199     4.28   0
  1045.633    725.313 239.9877965 +20.0145900  17.4105   0.0802    0.265     7.55   0
   522.342    715.717 240.0368777 +20.0137429  17.4517   0.0830    0.095     7.05   0
  1379.603    660.955 239.9564741 +20.0089120  16.0065   0.0234    0.128     5.65   0
   306.419    630.600 240.0571275 +20.0062371  16.4271   0.0334    0.027     5.44   0
   802.718    625.734 240.0105802 +20.0058152  17.8061   0.0810    0.024     7.29   0
   380.340    627.113 240.0501944 +20.0059316  17.5785   0.0933    0.282     4.33   0
   635.350    608.967 240.0262773 +20.0043365  14.7237   0.0074    0.074     4.80   0
   121.302    611.810 240.0744887 +20.0045754  17.2956   0.0867    0.238     5.56   0
  1598.145    608.016 239.9359791 +20.0042395  16.6540   0.0555    0.030     1.36   0
   974.552    604.113 239.9944644 +20.0039093  17.7801   0.0861    0.295     5.19   0
  1010.425    599.515 239.9910999 +20.0035038  16.9068   0.0437    0.313    10.81   0
  1326.535    598.107 239.9614529 +20.0033746  16.0345   0.0240    0.076     5.28   0
   171.204    585.366 240.0698076 +20.0022466  16.9547   0.0532    0.150     5.05   0
   680.922    571.241 240.0220028 +20.0010122  17.0246   0.0442    0.162     5.73   0
  1598.709    544.935 239.9359287 +19.9986802  16.7559   0.0608    0.030     1.36   0
   792.086    524.719 240.0115771 +19.9969128  15.8684   0.0147    0.075     4.97   0
  1544.673    485.242 239.9409986 +19.9934215  11.9257   0.0016    0.070     4.89   0
   928.879    486.155 239.9987484 +19.9935141  13.5638   0.0027    0.064     4.92   0
  1266.063    490.200 239.9671269 +19.9938663  17.0509   0.0582    0.120     5.99   0
   496.809    479.000 240.0392683 +19.9928809  17.6110   0.0956    0.188     3.88   0
  1392.557    467.497 239.9552648 +19.9918624  17.2656   0.0707    0.367     7.63   0
   515.326    461.135 240.0375315 +19.9913067  17.6556   0.0998    0.268     4.82   0
   643.379    443.989 240.0255226 +19.9897973  15.8702   0.0185    0.200    12.50   0
   260.001    443.372 240.0614753 +19.9897356  15.5932   0.0165    0.086     4.68   0
   688.216    430.687 240.0213177 +19.9886254  16.6368   0.0314    0.135     6.27   0
   556.864    430.137 240.0336356 +19.9885755  17.5840   0.0937    0.591     5.91   0
   457.209    415.396 240.0429808 +19.9872747  16.6286   0.0399    0.134     7.20   0
   329.676    410.898 240.0549404 +19.9868755  16.5856   0.0385    0.073     5.28   0
  1552.921    385.867 239.9402289 +19.9846634  17.4253   0.0848    0.201     5.74   0
  1384.142    378.572 239.9560565 +19.9840258  14.9640   0.0101    0.044     4.94   0
   656.220    376.268 240.0243177 +19.9838292  13.9812   0.0044    0.084     4.91   0
  1118.633    377.889 239.9809547 +19.9839710  17.2397   0.0688    0.173     6.32   0
  1102.906    370.037 239.9824296 +19.9832792  16.7160   0.0433    0.140     5.11   0
  1259.179    347.493 239.9677756 +19.9812898  13.1249   0.0029    0.098     4.91   0
   278.732    351.073 240.0597160 +19.9816019  15.5289   0.0157    0.117     5.35   0
   538.964    340.295 240.0353128 +19.9806576  16.8537   0.0487    0.126     8.09   0
  1610.595    341.395 239.9348222 +19.9807421  17.0730   0.0794    0.141     5.84   0
  1232.160    319.790 239.9703098 +19.9788489  16.8838   0.0503    0.323    10.13   0
   602.024    301.045 240.0293989 +19.9771993  17.3238   0.0740    0.020     4.71   0
   775.147    279.005 240.0131649 +19.9752582  13.4240   0.0025    0.108     5.00   0
   558.295    275.177 240.0334991 +19.9749190  17.3841   0.0780    0.165     7.28   0
  1376.184    265.371 239.9568059 +19.9740497  17.1064   0.0613    0.472     9.86   0
   424.645    241.239 240.0460308 +19.9719258  15.8637   0.0207    0.074     5.31   0
   818.245    231.484 240.0091236 +19.9710703  12.0999   0.0012    0.111     5.20   0
  1569.861    218.471 239.9386467 +19.9699103  10.1936   0.0007    0.046     5.19   0
   295.824    222.060 240.0581095 +19.9702325  13.5926   0.0039    0.116     4.93   0
   482.046    185.921 240.0406473 +19.9670517  16.1728   0.0269    0.042     5.11   0
   864.942    166.451 240.0047449 +19.9653390  15.6241   0.0130    0.115     4.98   0
  1432.465    160.546 239.9515318 +19.9648100  16.6463   0.0407    0.114     5.56   0
  1616.589    155.256 239.9342678 +19.9643376  16.8643   0.0690    0.058     0.96   0
   587.961    143.857 240.0307156 +19.9633463  14.2165   0.0061    0.100     4.87   0
  1276.719    112.768 239.9661362 +19.9606033  15.2485   0.0135    0.056     4.58   0
   925.679    112.349 239.9990503 +19.9605709  16.1145   0.0220    0.096     4.98   0
   279.330    104.182 240.0596526 +19.9598436  16.7705   0.0565    0.132     7.97   0
  1604.330    102.018 239.9354194 +19.9596462  18.4925   0.4105    0.082     1.88   0
  1184.976     98.009 239.9747384 +19.9593044  15.4133   0.0179    0.127     4.87   0
   583.396     91.906 240.0311429 +19.9587679  13.0592   0.0037    0.077     4.85   0
  1617.561     92.132 239.9341792 +19.9587745  16.0303   0.0465    0.048     1.08   0
  1511.109     91.312 239.9441602 +19.9587060  15.2809   0.0180    0.066     1.29   0
   385.341     87.842 240.0497126 +19.9584063  18.3316   0.2483    0.217     1.58   0
   193.903     83.243 240.0676617 +19.9579957  17.0309   0.0759    0.152     5.40   0
  1443.292     82.994 239.9505190 +19.9579750  17.0225   0.0765    0.102     1.53   0
  1580.780     80.428 239.9376283 +19.9577444  14.6372   0.0164    0.022     1.28   0
   416.345     75.217 240.0468054 +19.9572943  16.5154   0.0577    0.054     1.31   0
  1299.246     72.259 239.9640250 +19.9570328  16.3642   0.0431    0.392     7.15   0
  1512.995     72.066 239.9439840 +19.9570098  17.1859   0.0890    0.017     1.40   0
  1486.744     62.943 239.9464457 +19.9562066  17.9104   0.2034    0.153     1.37   0
  1368.220     61.265 239.9575583 +19.9560622  16.7140   0.0686    0.037     1.10   0
   417.416     58.290 240.0467046 +19.9558025  15.7710   0.0370    0.597     4.23   0
   986.834     54.178 239.9933167 +19.9554440  16.6519   0.0651    0.045     1.39   0
